000000 0.209696092757
000003 0.0
000007 0.13342980193
000009 0.0
000010 0.854992763006
000011 0.18502168476
000012 0.0
000013 0.0
000014 0.0
000016 0.0
000017 0.0
000018 0.0
000022 0.0
000026 0.0
000029 0.0
000030 0.0
000032 0.0
000034 0.0
000036 0.0
000038 0.0
000041 0.0
000043 1.18480467072
000044 0.0
000045 0.185672936667
000046 0.0
000049 0.0
000051 0.151230112344
000054 0.160781484954
000055 0.0
000056 0.0
000057 0.0
000060 0.554124525763
000064 0.0
000067 0.0
000068 0.657183801323
000069 0.0
000070 0.185238784543
000071 0.0
000072 0.0
000073 0.199951765564
000074 0.339507941629
000075 0.585238805901
000079 0.0
000080 0.0
000082 0.0
000083 0.0
000084 0.0
000085 0.278364680438
000086 0.0
000087 0.146888582475
000088 0.0
000091 0.0
000092 0.149782970224
000095 0.0
000096 0.0
000097 0.0
000099 1.47
000100 0.438350223425
000101 0.0
000103 0.0
000105 0.0
000109 0.152532547152
000110 0.0
000111 0.0
000112 0.0
000113 0.0
000114 0.320549949723
000115 0.0
000119 0.0
000120 0.0
000121 0.0
000123 0.0
000125 0.0
000127 0.436179579253
000129 0.0
000130 0.176266305871
000131 0.0
000133 0.0
000136 0.154558587523
000138 0.0
000141 0.0
000142 0.552387837908
000144 0.415195380209
000145 0.228943553916
000146 0.0
000148 0.0
000149 0.0
000150 0.0
000154 0.160347294014
000155 0.51380970471
000157 0.611577434236
000158 0.867872610796
000160 0.0
000162 0.0
000163 0.0
000164 0.0
000165 0.0
000166 0.0
000171 0.0
000172 0.0
000176 0.0
000177 0.718668590579
000178 0.0
000179 0.0
000180 0.0
000184 0.328798887526
000185 0.0
000189 0.283068004462
000193 0.141678739733
000198 0.214037620469
000200 0.0
000202 0.0
000570 0.0
000573 0.0
000574 0.0
000575 0.0
000576 0.817416782848
000577 0.0
000578 0.172937727182
000579 0.0
000580 0.0
000582 0.0
000584 0.0
000585 0.0
000586 0.0
000587 0.0
000592 0.0
000593 0.0
000594 0.897684456126
000596 0.692784808405
000597 1.01099856165
000598 0.145730820475
000599 0.0
000602 0.0
000603 0.0
000605 0.0
000606 0.0
000607 0.0
000608 0.802604964087
000609 0.0
000616 0.0
000617 0.0
000621 0.0
000622 0.164544133823
000623 0.0
000627 0.0
000629 0.0
000631 2.34
000632 0.0
000633 0.256584642937
000637 0.0
000638 0.65629520223
000640 0.0
000641 1.33892920531
000643 0.0
000646 0.185962420297
000649 0.682199674129
000651 0.0
000652 0.0
000653 0.0
000654 0.0
000656 0.0
000661 0.0
000662 0.0
000663 0.439688843687
000664 0.0
000665 0.0
000666 0.0
000668 0.0
000671 0.371345873334
000672 0.0
000673 0.0
000675 0.487916065884
000676 0.0
000678 0.0
000680 0.0
000681 0.0
000685 0.536806567303
000686 0.0
000687 0.0
000688 0.0
000689 0.0
000690 0.0
000693 0.0
000695 0.0
000697 0.0
000701 0.0
000703 0.228509410418
000705 0.0
000707 0.0
000709 0.0
000710 0.0
000711 0.0
000712 0.200578824829
000713 0.288712012267
000714 0.124312585756
000715 0.0
000719 0.0
000720 0.273777137789
000723 0.787988378412
000724 0.0
000726 0.131548486122
000730 0.0
000732 0.547684532861
000733 1.01039799079
000735 0.375542730395
000738 0.0
000739 0.0
000742 0.0
000743 0.0
000744 0.203328488015
000747 0.0
000749 0.0
000753 0.230824930105
000755 0.60564398593
000757 0.0
000758 0.0
000759 0.0
000760 0.72944284314
000762 0.0
000763 1.54682583288
000764 0.501757297039
000770 0.282633873902
000775 0.409261949156
000776 0.0
000777 0.0
000780 0.639652665318
000781 0.0
000783 0.0
000784 0.0
000785 0.211939219973
000786 0.0
000787 1.80101298044
000788 0.574529654038
000789 0.159044859206
000791 0.444283637228
000793 0.0
000794 0.0
000796 0.393632420928
000797 0.339218527007
000799 1.12098398498
000808 0.29565849801
000813 0.0
000814 0.0
000815 0.0
000817 0.0
000818 1.23096961533
000820 0.0
000821 0.0
000822 0.0
000824 0.0
000825 0.139218542924
000827 0.191027521225
000828 0.0
000829 0.0
000830 0.0
000832 0.0
000833 0.0
000834 0.0
000835 0.0
000836 1.47
000839 0.325036221406
000842 0.0
000845 2.34
000846 1.02052819264
000851 0.0
000853 1.4402314999
000855 0.0
000856 0.0
000857 0.585272580323
000858 0.0
000860 0.213314030001
000861 0.28929091627
000864 0.0
000865 0.497105652965
000866 0.0
000867 0.0
000868 1.47
000870 0.346092584337
000871 0.0
000872 0.920984127415
000880 0.0
000882 0.0
000883 0.0
000886 0.425904463066
000887 0.0
000888 0.0
000890 0.122141838074
000891 0.0
000892 0.22807526692
000895 0.0
000896 0.0
000898 0.0
000900 0.0
000901 0.0
000902 0.0
000903 1.47
000905 0.0
000906 1.62923291175
000908 0.0
000910 0.534370476879
000913 0.0
000914 0.0
000918 0.0
000919 0.916063687793
000921 0.0
000924 1.56642552223
000925 0.928075199707
000927 0.0
000929 0.0
000933 0.0
000934 0.0
000935 0.243415501287
000936 0.188856704535
000937 0.430294268958
000941 0.0
000945 0.113169320585
000946 0.0
000947 0.848914641892
000950 0.0
000951 0.0
000954 0.0
000955 0.857887116251
000957 0.171345877751
000959 0.0
000960 0.0
000962 0.0
000965 0.208393675201
000968 0.0
000972 0.107091173594
000975 0.607583215716
000977 0.0
000978 0.0
000980 0.0
000982 0.0
000987 1.01616013412
000989 0.0
000990 0.0
000992 0.0
000993 0.0
000994 0.0
000995 0.0
000996 0.0
000997 0.0
000998 0.192474663344
001000 0.0
001001 0.0
001003 0.244283641644
001004 0.0
001005 0.0
001009 0.0
001016 0.0
001017 0.0
001020 0.0
001023 0.0
001024 0.0
001028 0.0
001029 0.182199719673
001030 0.0
001031 0.264544114363
001032 0.0
001033 0.220405210117
001034 0.944934878094
001036 0.164109960134
001038 0.0
001040 0.0
001041 0.0
001044 0.0
001045 0.0
001047 0.0
001048 1.11447181094
001049 0.454356018265
001052 0.0
001056 0.0
001057 0.192474663344
001059 0.0
001060 0.0
001061 1.04205012311
001062 0.103328610985
001064 0.0
001072 0.0
001073 0.0
001074 0.154703329337
001079 0.0
001080 0.0
001081 0.0
001082 0.0
001085 0.0
001087 0.0
001090 0.157163526146
001091 0.192329956033
001092 0.0
001093 0.0
001098 0.0
001100 0.339942109568
001103 0.328798887526
001105 0.0
001109 0.0
001110 0.0
001112 0.361215533465
001117 0.0
001119 0.0
001121 0.0
001122 0.0
001124 0.163241681763
001126 0.0
001128 0.0
001130 0.0
001137 0.0
001142 0.0
001146 0.0
001151 0.527641086606
001156 0.0
001157 0.0
001159 0.0
001160 0.154992709457
001161 0.51657021822
001164 0.0
001165 1.41765550318
001166 0.0
001168 0.0
001169 0.577062232536
001170 0.0
001171 0.0
001174 0.0
001175 0.0
001181 0.75036178622
001184 0.0
001185 0.973260992007
001186 0.0
001190 0.0
001196 0.677785807857
001197 0.0
001200 0.0
001201 0.0
001202 0.0
001204 1.65600562751
001205 0.321273520783
001208 0.151230112344
001209 0.0
001210 0.0
001211 0.190593330284
001212 0.0
001215 0.0
001219 0.0
001220 0.392185239992
001223 0.0
001227 0.118234499146
001229 0.0
001231 0.0
001233 0.0
001238 1.29978294483
001240 0.0
001247 0.0
001248 0.699855277231
001250 0.0
001256 0.0
001258 0.0
001262 0.423444369767
001264 0.0
001276 0.0
001277 0.0
001278 0.0
001279 0.129377721188
001280 0.0
001282 0.0
001283 0.0
001285 0.0
001288 0.712879901339
001290 0.0
001293 0.0
001297 0.0
001298 0.0
001299 0.0
001300 0.152677271715
001301 0.0
001302 0.0
001309 0.0
001310 0.183646861793
001311 0.0
001312 0.0
001313 0.0
001315 0.0
001316 0.0
001319 0.67959478151
001320 0.0
001321 0.546454417205
001322 1.84860346357
001323 0.0
001324 0.0
001325 0.0
001326 0.0
001327 0.0
001328 0.168306817194
001335 0.0
001338 0.0
001340 0.533111437012
001341 0.0
001343 0.0
001348 0.246164966078
001349 0.0
001351 1.51461644042
001354 0.688968363961
001357 0.711154514084
001358 0.315822453184
001360 0.115701862424
001361 0.0
001362 0.0
001364 0.0
001366 0.795973224861
001367 0.0
001368 0.0
001369 0.0
001370 1.12402320081
001371 0.0
001373 0.0
001378 0.741823433795
001379 0.0
001383 0.531982581971
001385 0.0
001390 0.0
001392 0.0
001393 0.0
001394 0.163531130889
001396 0.42771354598
001399 0.0
001400 0.0
001401 0.0
001402 0.0
001403 0.0
001404 0.47821996871
001405 1.00762185071
001406 0.249059336575
001408 0.0
001409 0.742474651199
001413 0.0
001414 0.0
001417 1.09652672421
001418 0.0
001420 0.0
001422 0.522322720928
001423 0.211577443069
001425 0.0
001426 0.209696110009
001428 0.47260007879
001429 0.0
001430 0.0
001433 0.782850958331
001434 0.408393705288
001436 0.0
001440 0.0
001444 0.205065113763
001447 0.720839355513
001449 0.0
001452 0.0
001453 0.0
001454 0.310383502033
001455 0.0
001456 0.0
001457 0.819681625808
001459 0.0
001460 0.0
001462 0.14703332429
001464 1.47
001465 1.18241682756
001467 0.227062229482
001468 0.0
001470 0.0
001472 0.0
001473 0.0
001474 0.0
001475 0.194500703715
001476 0.0
001479 0.0
001482 0.0
001483 0.0
001484 0.0
001486 0.0
001490 0.0
001491 0.0
001492 0.0
001493 0.0
001494 0.0
001496 0.956439933107
001498 0.0
001499 0.0
001500 0.0
001503 0.0
001504 0.206657016387
001505 0.557308293631
001506 0.0
001509 0.109117231217
001510 0.0
001512 0.0
001515 0.0
001518 0.0
001519 0.164544151074
001520 0.0
001523 0.516497830061
001529 0.538543179035
001530 0.0
001531 0.0
001532 0.529667161481
001534 0.0
001539 0.635817772055
001540 0.157018784331
001541 0.0
001543 0.676941653121
001544 0.0
001548 0.173661358622
001550 0.0
001551 0.0
001553 0.0
001554 0.0
001556 0.495947977223
001558 0.338591410955
001559 0.0
001561 0.0
001563 0.0
001566 0.472214253007
001568 0.347177992681
001570 0.358080081875
001571 0.252532544943
001572 0.377206967985
001575 0.0
001578 0.238784315272
001580 0.0
001581 0.0
001584 0.0
001593 0.687409585878
001595 1.47
001598 0.0
001599 0.0
001601 0.0
001604 0.0
001607 0.0
001608 0.657525317886
001609 0.251519532305
001611 0.527579090751
001612 0.0
001614 0.104630976786
001618 1.47
001620 0.0
001622 1.02014955369
001623 0.0
001624 0.347557883877
001626 0.0
001628 0.0
001630 0.0
001632 0.179305359958
001636 0.151808976092
001637 0.651664223236
001638 0.0
001639 0.0
001641 0.0
001642 0.811287980694
001644 0.640830670982
001646 0.0
001648 0.673539163226
001649 0.0
001651 0.0
001652 0.0
001653 0.0
001655 0.901736588623
001657 0.0
001659 0.0
001661 0.495989263021
001663 0.0
001668 2.34
001669 0.0
001671 0.0
001672 0.624008684368
001673 0.0
001674 0.0
001676 0.614037631045
001677 0.0
001678 0.0
001679 0.0
001681 0.0
001685 0.0
001686 0.0
001687 0.43371923293
001688 0.0
001690 0.0
001691 0.0
001692 0.904857685917
001695 0.0
001696 0.0
001698 0.0
001700 0.917655565977
001703 0.0
001708 0.0
001715 0.0
001716 1.0149734638
001720 0.0
001723 0.0
001724 0.0
001725 0.518162097122
001728 0.0
001730 0.0
001731 0.0
001734 0.0
001735 0.0
001736 0.0
001737 0.0
001738 0.0
001739 0.421514697427
001743 0.0
001744 0.0
001747 0.95057884277
001748 0.622431276159
001753 0.0
001754 0.184804623793
001756 0.0
001757 0.0
001759 0.0
001760 0.106367671541
001761 0.0
001763 0.953719239849
001766 0.144138936541
001767 0.0
001769 0.0
001770 0.0
001773 0.0
001775 0.0
001777 0.186107058601
001779 0.10390744023
001784 1.07785816993
001785 0.655048570485
001788 0.493584171448
001789 0.0
001790 0.312807539265
001791 0.0
001792 0.891606266005
001793 0.0
001796 0.160202586703
001798 0.0
001799 0.0
001803 0.0
001805 0.0
001806 0.214037622626
001809 0.0
001810 0.0
001811 0.0
001812 0.0
001815 0.0
001816 1.33458757193
001819 0.216063681327
001821 0.167293762505
001826 0.0
001827 2.34
001829 0.0
001830 1.47
001832 0.0
001833 0.565991318864
001834 0.0
001836 0.0
001837 0.610998478479
001838 0.0
001839 0.0
001841 0.0
001842 0.656367590389
001843 0.0
001845 0.0
001847 0.0
001849 0.0
001850 0.0
001857 0.0
001860 0.0
001864 0.128075269128
001865 0.0
001866 0.0
001870 0.642064637857
001871 0.0
001873 0.450289439189
001874 0.0
001876 0.0
001879 0.632754421096
001882 0.0
001883 0.0
001889 0.69782923686
001891 1.47
001894 0.0
001895 0.145441405853
001896 0.0
001899 0.0
001901 0.0
001902 0.121273490696
001903 0.217510891375
001906 0.0
001907 0.0
001908 0.118813328391
001910 0.672301017772
001911 0.156729383187
001912 0.209696092757
001913 0.0
001914 0.0
001915 0.166570248951
001916 0.0
001917 0.0
001918 0.0
001921 0.35955134763
001922 0.0
001930 0.0
001935 0.0
001938 0.828075270922
001939 0.271924773795
001944 0.0
001947 0.0
001948 1.39916065801
001949 0.0
001950 0.521852380115
001951 0.0
001953 0.0
001955 0.0
001956 0.0
001957 0.295151955571
001958 0.921099841537
001961 0.0
001962 0.0
001963 0.872214175168
001964 0.403545581225
001965 0.0
001968 0.0
001970 0.0
001971 0.67409552127
001973 0.0
001974 0.0
001975 0.395658495802
001976 0.0
001981 0.460709141926
001987 0.235311150033
001988 0.560443802726
001990 0.0
001992 0.386541224423
001993 0.0
001994 0.0
001998 0.229956591354
002003 1.22554269437
002005 0.809316196938
002006 0.0
002007 0.135672937771
002009 1.35342980083
002015 0.187409562416
002016 0.0
002018 0.0
002020 0.0
002023 0.179594815554
002024 0.66685962953
002026 0.0
002030 0.148625208224
002031 0.0
002032 0.0
002033 0.0
002039 0.400868373048
002040 0.0
002041 0.0
002047 0.0
002051 0.0
002053 0.0
002055 0.0
002059 0.211432714193
002060 0.373806104646
002061 0.0
002063 0.638350193131
002064 0.0
002065 0.188929092694
002066 0.0
002067 0.0
002069 0.0
002070 0.0
002072 0.0
002077 0.0
002080 1.47
002083 0.0
002084 1.0955619628
002088 0.0
002090 0.0
002092 1.05787270943
002095 0.580628082071
002096 0.857069484418
002097 0.0
002098 0.0
002099 0.0
002104 0.902727987949
002105 0.0
002106 0.795947901592
002109 0.0
002110 1.47
002114 1.41399420977
002116 0.0
002117 0.178437053553
002119 0.0
002122 0.0
002125 0.0
002126 0.0
002129 0.0
002132 0.0
002133 0.623854357898
002134 0.0
002141 0.0
002143 0.0
002144 0.310709127986
002145 0.0
002146 0.11823463716
002147 0.0
002148 0.0
002149 0.325594373249
002150 0.0
002154 0.0
002155 0.0
002156 0.309081052129
002157 0.0
002162 0.0
002164 0.453256169092
002167 0.0
002171 0.43965283075
002172 0.0
002174 0.0
002175 0.258755438062
002176 0.0
002178 0.218958033494
002180 0.373632418674
002181 0.372756877442
002184 0.0
002186 0.0
002189 0.158900186398
002190 0.0
002191 0.0
002192 0.0
002194 0.387264850688
002195 0.0
002197 0.309189597708
002198 0.0
002199 1.9089723634
002203 0.0
002204 0.0
002205 0.0
002208 0.0
002210 1.70477564877
002211 0.354486229451
002212 1.47
002213 0.0
002214 0.0
002217 0.0
002221 0.0
002222 0.0
002223 0.447033283162
002226 0.0
002227 1.77829234541
002230 0.249782899009
002231 0.0
002235 0.0
002236 0.323878424903
002237 0.0
002238 0.0
002240 0.0
002241 0.0
002242 0.0
002244 0.0
002247 0.146888547972
002249 0.0
002252 0.0
002253 0.0
002256 0.0
002259 0.0
002261 0.0
002263 0.0
002264 0.322286575472
002265 0.0
002267 0.309840815112
002268 0.0
002269 0.0
002270 0.0
002271 0.633429790889
002273 0.0
002274 0.0
002275 0.633104208064
002278 0.0
002281 0.0
002285 0.827062250736
002288 0.318089718412
002289 0.496140875738
002296 0.0
002297 0.0
002301 1.30434146666
002302 0.0
002305 1.47
002309 0.0
002311 0.0
002312 0.0
002313 0.0
002316 0.0
002317 0.0
002318 0.0
002321 0.0
002322 1.47
002323 0.0
002324 0.0
002326 0.0
002328 0.0
002331 0.0
002333 0.0
002335 0.0
002339 0.0
002342 0.164254701948
002343 0.0
002349 0.0
002350 0.0
002351 0.591799353725
002352 0.0
002354 0.0
002355 0.0
002358 0.0
002360 0.621418255973
002361 0.210057878287
002363 0.0
002364 0.0
002368 0.0
002371 0.0
002373 0.0
002374 0.0
002375 0.0
002377 0.0
002379 0.493012195238
002381 0.331693206268
002388 1.11314766902
002389 0.0
002390 0.0
002394 0.0
002395 0.0
002396 0.0
002400 0.0
002401 0.0
002402 0.167655596555
002403 0.332127367018
002406 0.169319820128
002407 0.0
002408 0.120405212325
002409 0.0
002410 0.39855281742
002412 0.0
002413 0.0
002416 0.0
002417 0.0
002421 0.0
002426 0.0
002427 0.0
002430 0.0
002431 0.0
002435 0.0
002436 0.0
002437 0.0
002438 0.0
002441 1.25976844048
002443 0.0
002444 1.30810413278
002445 0.0
002447 0.0
002448 0.0
002449 0.0
002451 0.0
002452 0.0
002453 0.0
002456 0.242112893962
002459 0.0
002464 0.0
002465 1.22170765735
002466 0.0
002467 0.0
002468 0.0
002469 0.0
002470 0.0
002471 0.0
002472 0.0
002475 0.0
002480 0.646599156812
002481 0.0
002482 0.0
002484 0.0
002485 0.155716349523
002487 0.590376268032
002489 0.0
002491 0.0
002493 0.186685974105
002494 0.554233004491
002496 0.387930538823
002498 0.0
002501 1.52272073991
002507 0.124602034882
002508 0.520622281711
002510 0.0
002512 0.392185227053
002513 0.0
002514 0.10492040866
002515 0.0
002517 0.3780028927
002518 0.0
002522 0.0
002523 0.0
002524 0.0
002527 0.0
002533 0.0
002535 0.640738027658
002536 0.473613130604
002537 0.0
002542 0.0
002544 0.0
002545 0.261360346495
002547 0.0
002549 0.288929073234
002550 0.0
002551 0.92704054141
002553 0.0
002554 0.264833597992
002555 1.47
002559 0.0
002560 0.320477596068
002561 0.592764207147
002566 0.0
002567 0.739218495172
002571 0.0
002573 0.0
002576 0.0
002578 0.0
002579 0.0
002582 0.767149076448
002587 0.0
002588 0.0
002589 0.0
002591 0.0
002592 0.0
002593 0.0
002595 0.357887101415
002596 0.0
002597 0.0
002605 0.228762639587
002607 0.0
002608 0.0
002609 0.434756394003
002610 0.0
002611 0.0
002614 0.0
002616 0.301784843393
002617 0.0
002618 1.06222867621
002620 1.25383495767
002622 0.0
002623 0.0
002624 0.0
002627 1.0975397444
002629 0.0
002632 0.116932064338
002634 0.518053563045
002637 1.05094067785
002639 0.0
002642 0.0
002643 0.122865409133
002647 0.0
002648 0.138494971865
002649 0.420405240204
002650 0.0
002652 0.0
002654 0.0
002655 0.0
002658 0.0
002659 0.0
002660 0.0
002662 0.109551370403
002664 0.0
002665 0.0
002667 0.0
002668 0.0
002670 1.47
002671 0.165267756637
002672 0.0
002676 0.0
002678 0.0
002679 0.401157730165
002682 0.0
002683 0.0
002684 0.0
002687 1.56107086866
002688 0.0
002689 0.353256148298
002691 0.0
002697 0.0
002698 0.0
002700 0.0
002701 0.0
002703 0.0
002704 0.0
002705 0.0
002708 0.0
002714 0.0
002716 1.16685965299
002718 0.112590499966
002719 0.0
002723 0.0
002731 0.0
002732 0.0
002733 0.0
002734 0.169753987348
002736 0.0
002738 0.285094105214
002739 0.14312590126
002741 0.0
002743 0.0
002750 0.0
002751 0.0
002754 0.0
002756 0.0
002759 0.0
002762 0.820549944433
002766 0.0
002768 0.0
002769 0.212301007659
002770 0.0
002771 0.371345873334
002774 0.181186676485
002776 0.0
002777 2.34
002778 0.0
002779 0.196140857923
002780 0.745134581233
002781 0.172937787562
002782 0.0
002784 0.0
002785 0.0
002788 0.366859601652
002790 0.0
002791 0.0
002792 0.234515182189
002795 0.0
002798 0.247105645547
002799 0.124602034882
002802 0.0
002803 0.0
002807 0.626951289198
002808 0.0
002813 0.228943579794
002816 0.915123032764
002817 0.0
002819 0.0
002821 2.34
002822 0.953835050553
002823 0.0
002824 0.0
002825 0.981620838259
002829 0.391751070616
002832 1.47
002834 0.0
002835 0.0
002837 0.170766979499
002838 0.858827817285
002842 0.0
002843 1.89609265362
002849 0.0
002850 0.0
002851 0.683285093975
002852 0.0
002854 0.0
002855 0.0
002857 0.224167876237
002859 0.0
002860 0.36410997872
002862 0.0
002864 1.47
002865 0.67510853283
002868 0.153400860026
002869 0.0
002870 0.621345859188
002871 0.0
002872 0.0
002873 0.0
002874 0.0
002882 0.0
002884 0.0
002886 0.0
002887 0.0
002888 0.165484806822
002897 1.07988427931
002898 0.241099839273
002899 0.0
002904 0.696533998091
002906 0.297973953004
002907 0.0
002909 0.0
002910 0.0
002912 0.0
002913 0.0
002915 0.483502199612
002918 0.257163527172
002920 0.56586728649
002921 0.100289446918
002922 0.0
002923 0.506657077331
002926 0.0
002927 0.0
002929 0.0
002931 0.0
002932 0.0
002933 0.0
002936 0.0
002938 0.0
002939 0.0
002940 1.47
002941 0.0
002943 0.332301008029
002946 0.0
002949 0.0
002950 0.0
002952 0.160347328517
002954 0.424891460132
002956 0.223878418485
002965 0.0
002967 0.530535439851
002968 0.762518097454
002969 0.0
002970 0.0
002972 0.0
002973 0.258683054216
002975 0.0
002980 1.24442849939
002981 0.0
002983 0.0
002986 0.859023153882
002987 0.0
002989 0.0
002990 0.533574534912
002992 0.0
002996 0.515991319968
002998 0.0
003002 0.404920403114
003008 0.383068028131
003009 0.253669633238
003012 0.0
003013 0.0
003014 0.0
003015 0.253762664912
003016 0.0
003017 0.186686094866
003018 0.622141792529
003020 1.02048720408
003021 0.0
003023 0.0
003026 0.0
003028 0.208972538949
003036 0.0
003037 0.0
003039 0.0
003040 0.599710572128
003041 0.0
003044 0.0
003045 0.0
003049 0.0
003051 0.0
003057 1.47
003059 0.212879895129
003060 0.0
003063 0.0
003064 0.0
003068 0.0
003069 0.0
003070 0.0
003072 0.0
003075 0.0
003077 0.0
003078 1.47
003079 0.0
003081 0.0
003083 0.0
003084 0.380463098134
003085 0.179739522865
003086 0.0
003089 0.0
003091 0.0
003092 0.0
003093 0.0
003095 0.198408146153
003097 0.0
003098 0.0
003100 0.0
003104 0.0
003105 0.0
003108 0.0
003111 0.0
003113 1.07181380167
003115 1.47
003117 0.0
003119 0.0
003120 1.04167868536
003121 0.211722137442
003122 0.446599126725
003123 0.0
003125 0.0
003128 0.101447174415
003130 0.157163534772
003132 0.0
003138 0.0
003139 0.0
003140 0.509985472002
003143 0.0
003147 0.834008753731
003149 0.488904979686
003151 0.0
003152 0.0
003154 0.0
003155 0.838545602945
003157 0.0
003158 0.0
003160 0.0
003163 0.297973987508
003164 0.0
003166 0.0
003168 0.0
003169 1.47
003171 0.15383498196
003173 0.0
003176 0.0
003178 0.382489181634
003184 0.0
003185 0.112156309026
003186 0.0
003188 0.0
003189 0.0
003191 0.0
003193 0.157742424398
003195 0.386251795999
003196 0.0
003198 0.0
003200 0.0
003201 0.0
003205 0.0
003206 0.479594843432
003208 0.0
003209 0.0
003212 0.0
003213 0.0
003215 0.0
003218 0.0
003220 0.102315452785
003223 0.0
003227 0.0
003230 0.0
003234 0.208827762631
003235 0.606548475633
003237 0.231548466662
003238 0.859866130549
003241 0.0
003243 0.0
003244 0.0
003245 0.0
003246 0.0
003248 0.101736485527
003249 0.0
003253 0.0
003256 0.657814756949
003258 0.696382094741
003260 0.374819124832
003261 0.0
003262 0.0
003263 0.0
003264 0.0
003267 0.0
003268 0.0
003270 0.0
003271 0.0
003273 0.0
003274 0.0
003277 0.344717795873
003278 0.0
003279 0.116353105705
003282 0.0
003284 0.0
003285 0.0
003286 0.47293775506
003287 0.354015922063
003289 1.0975397444
003290 0.0
003291 0.223444270674
003293 1.68118663186
003294 0.483092126556
003297 0.0
003299 0.399276385604
003303 0.0
003307 0.379305327508
003309 0.0
003311 0.246562980191
003314 0.0
003317 0.0
003320 0.0
003321 0.162518041696
003326 0.0
003327 0.0
003328 0.0
003329 0.195803198904
003332 0.0
003333 0.0
003334 0.0
003335 0.290159171639
003336 1.47
003339 0.213314044018
003340 0.0
003342 0.0
003344 0.0
003345 0.0
003348 0.0
003349 0.143704780104
003354 0.0
003356 1.47
003359 1.23407018461
003360 1.905
003361 0.0
003362 0.0
003363 0.0
003369 0.229739521761
003371 0.0
003372 0.972069465648
003374 0.417402296094
003376 0.0
003377 0.841099877778
003378 0.249493480074
003380 1.06271347122
003381 0.0
003382 0.0
003383 0.0
003384 0.0
003387 0.265026515196
003388 0.0
003389 0.0
003390 0.4739218726
003391 1.47
003392 0.0
003398 0.51685238887
003400 0.0
003413 0.0
003414 1.47
003415 0.0
003416 0.0
003418 0.0
003420 0.0
003423 0.0
003424 0.0
003427 0.0
003431 0.0
003433 0.139942120992
003436 0.0
003437 0.435383481482
003438 0.294645434696
003439 1.47
003440 0.0
003441 0.0
003442 1.33516640118
003444 0.0
003445 0.0
003446 0.0
003451 0.0
003452 0.0
003454 0.796473021828
003455 0.160877956495
003457 0.0
003458 0.0
003459 0.261360346495
003460 0.0
003462 0.0
003463 0.0
003468 0.0
003472 1.02688494914
003473 0.898842252629
003475 0.0
003476 0.214616495
003477 0.0
003479 0.0
003485 0.0
003486 0.0
003493 0.0
003494 0.0
003498 0.132416816248
003499 0.0
003500 0.0
003501 0.0
003505 0.0
003507 0.0
003508 0.0
003509 0.0
003510 0.218958102501
003512 1.73835022922
003513 0.0
003514 0.0
003516 0.245296679081
003518 0.55527133932
003522 0.0
003523 0.0
003525 0.816982660915
003526 0.647824880367
003532 0.0
003533 0.344717795873
003534 0.0
003536 0.0
003537 0.0
003538 0.0
003540 0.422214210982
003541 1.19845880511
003542 0.0
003545 0.0
003546 0.0
003548 0.791823363684
003549 0.0
003551 0.0
003555 0.360781549545
003556 0.301881326435
003560 0.597491565673
003561 0.0
003564 0.700434175483
003565 0.0
003566 0.0
003567 0.0
003569 0.0
003570 0.0
003572 0.0
003575 0.0
003576 0.718379158705
003577 0.0
003578 0.0
003579 0.0
003581 0.0
003585 1.20541602365
003586 0.403690320883
003587 0.202170777769
003589 0.666369972864
003590 0.0
003591 0.221562937614
003592 0.48350218236
003593 0.0
003594 0.0
003595 0.0
003596 0.0
003597 0.0
003598 0.0
003599 0.0
003602 1.18365843618
003603 0.0
003606 0.0
003610 0.0
003612 0.0
003613 0.623878418278
003615 0.521997087426
003617 0.153835050967
003619 0.728798878693
003625 0.0
003626 0.0
003628 0.156150574967
003636 0.0
003637 0.0
003638 0.0
003639 0.0
003640 0.0
003641 2.34
003642 0.0
003644 0.567004347676
003646 0.324023132214
003648 1.35151950047
003650 0.0
003651 0.0
003654 0.0
003656 0.0
003657 0.0
003660 0.0
003663 0.990593312618
003664 0.230969602913
003665 0.0
003666 0.53791606478
003670 0.470767007378
003672 0.0
003673 0.0
003674 0.0
003675 0.0
003680 0.956874162864
003681 0.0
003685 0.0
003686 1.47
003687 0.356777612564
003693 0.0
003694 0.203039090644
003695 0.0
003696 0.29782921119
003697 0.0
003698 0.0
003699 0.0
003700 0.0
003701 0.0
003704 0.139218508421
003706 0.373589078183
003709 0.599758796397
003710 0.0
003713 0.0
003714 0.0
003717 0.0
003720 0.0
003721 0.0
003722 0.0
003724 0.0
003725 0.0
003727 0.0
003729 0.0
003730 0.0
003731 0.0
003732 0.0
003733 0.0
003734 0.0
003740 0.586010624232
003741 0.0
003742 0.0
003743 0.0
003744 0.756150492711
003745 0.0
003749 0.0
003752 0.0
003754 0.0
003757 0.0
003758 0.194573091874
003759 0.372829252663
003760 0.0
003761 0.0
003765 0.359710555001
003766 0.665582477018
003767 0.0
003768 1.47
003770 0.190159139343
003772 0.0
003773 0.0
003774 0.869898720174
003776 0.0
003780 0.0
003783 0.149204054721
003784 0.929088288899
003785 0.0
003786 0.236468894782
003789 0.0
003790 1.39573079287
003791 0.0
003792 0.208731342846
003795 0.0
003796 0.0
003797 0.704486256225
003799 0.0
003801 0.245296679081
003803 0.0
003806 0.0
003810 0.0
003813 0.0
003815 0.0
003816 0.0
003817 0.0
003818 0.0
003819 0.208972538949
003821 1.47
003823 0.485166437201
003824 0.163531113637
003825 0.0
003829 0.0
003831 0.0
003832 0.0
003833 0.0
003836 0.0
003838 0.167727927568
003839 0.0
003840 0.0
003842 0.380752538634
003843 0.0
003844 0.0
003845 0.0
003846 0.0
003848 0.0
003849 0.13502165136
003850 0.0
003851 0.141678731107
003853 0.0
003855 0.0
003857 1.47
003858 0.141099841481
003861 0.0
003862 0.0
003863 0.0
003865 0.0
003867 0.0
003868 0.0
003871 0.0
003875 0.0
003876 0.828147624578
003877 0.0
003882 0.0
003884 0.0
003887 0.276989874722
003888 0.153256135463
003889 0.0
003893 0.0
003895 0.0
003896 0.0
003900 0.0
003903 0.0
003904 0.0
003906 0.0
003908 0.0
003910 0.103328334957
003911 0.0
003912 0.0
003913 0.0
003917 0.0
003918 0.0
003919 0.0
003921 0.719030376109
003922 0.394934890239
003925 0.0
003927 0.166425466883
003928 0.0
003929 0.476700490187
003930 0.0
003933 0.686107116567
003935 0.0
003936 0.0
003939 0.0
003940 0.0
003941 0.0
003942 0.0
003944 0.0
003947 0.185528229356
003949 0.0
003951 1.45296670939
003952 0.0
003953 0.0
003954 0.221418230302
003955 0.267920882818
003957 0.0
003959 0.0
003960 0.0
003963 0.0
003966 0.0
003967 0.206657014949
003968 0.0
003971 0.199710580961
003973 1.47
003974 0.180028937487
003976 0.0
003978 0.256295217533
003979 0.817221394496
003983 0.0
003985 0.0
003987 0.0
003988 0.0
003989 0.156874111523
003990 0.0
003991 0.0
003993 0.47597685012
003994 0.0
003995 0.486541242917
003997 0.203545600737
003999 0.0
004005 0.0
004006 0.0
004012 0.143415330978
004013 0.0
004014 0.0
004015 0.0
004017 0.0
004018 0.0
004019 0.0
004020 0.0
004022 0.309985556927
004023 0.170188128689
004024 0.311649794516
004025 0.0
004029 0.0
004030 0.452677282342
004031 0.0
004035 0.495513717276
004037 0.0
004039 0.594389774932
004043 0.0
004044 0.0
004046 0.0
004047 0.570767039673
004050 0.0
004052 0.0
004053 0.117655531887
004054 0.0
004056 0.0
004057 0.0
004058 0.0
004060 0.0
004062 0.0
004066 0.0
004067 0.0
004069 0.0
004070 0.0
004071 0.0
004073 0.18205499511
004075 0.5334298276
004076 0.0
004078 0.0
004080 0.0
004084 0.0
004086 0.0
004088 0.0
004090 0.80019297142
004093 0.166280759571
004094 0.106223033237
004097 0.0
004099 0.529667264991
004102 0.0
004103 0.30274963931
004106 0.44298120242
004112 0.0
004114 1.70477564877
004115 0.0
004123 0.0
004127 1.06136039784
004133 1.244717776
004134 0.0
004135 0.0
004139 0.592715867866
004141 0.0
004144 0.0
004145 0.0
004146 0.0
004147 0.225759760171
004151 0.0
004159 0.0
004165 0.739942100735
004166 1.47
004167 0.0
004169 0.284370491025
004170 0.658610694603
004176 0.0
004177 0.969768442549
004178 0.0
004179 0.143270589163
004180 0.0
004181 0.0
004182 0.0
004183 0.0
004184 0.0
004186 0.0
004192 0.0
004193 0.0
004194 0.34869752296
004197 0.62074288618
004198 0.300289373494
004199 0.194211289093
004200 0.0
004201 0.0
004203 0.0
004204 0.0
004208 0.0
004211 0.0
004212 1.08350223812
004216 0.0
004217 0.109551370403
004218 0.398408118734
004219 0.0
004225 0.276411010974
004227 0.146888547972
004229 0.252301020146
004230 0.0
004231 0.0
004233 1.07322725994
004234 0.648625162679
004235 0.368849502933
004236 0.0
004238 0.470043436318
004240 1.26254705371
004244 0.0
004245 0.0
004247 0.18784368435
004252 0.513024613067
004253 0.0
004257 0.0
004258 0.0
004261 0.615383513628
004262 0.0
004264 0.0
004265 0.412301007556
004266 0.0
004267 0.0
004268 0.324987949335
004269 0.0
004272 0.0
004273 0.845658459988
004274 0.193342907211
004276 0.0
004279 0.0
004283 0.71617224282
004286 0.0
004287 1.36034726752
004292 2.34
004296 0.0
004297 1.24103713301
004302 0.0
004304 0.340183322923
004308 0.146309718727
004310 0.0
004313 0.0
004315 1.47
004316 0.0
004317 0.0
004320 0.0
004322 0.0
004325 0.238205494653
004328 0.806852385739
004331 0.0
004332 0.0
004333 0.0
004334 0.34196816719
004339 0.0
004341 0.0
004344 0.0
004346 0.187554278353
004347 0.267583209423
004351 0.208972538949
004354 0.0
004355 0.409117172837
004356 0.0
004357 0.0
004358 0.0
004359 0.0
004361 0.609840825739
004365 0.0
004366 0.0
004371 0.260009650039
004372 0.0
004375 0.0
004376 0.116642580709
004378 0.0
004379 1.46222866737
004380 0.0
004381 1.26917503677
004382 0.10173662354
004386 0.0
004387 0.23733724216
004389 0.344717818875
004390 0.0
004394 0.0
004395 0.0
004399 0.0
004400 0.600434143188
004405 0.0
004408 0.0
004409 0.0
004410 0.325952729797
004411 0.265846583674
004412 0.0
004413 0.0
004416 0.0
004417 0.831775201106
004427 0.0
004428 0.286782403183
004431 0.781186651735
004432 0.0
004436 0.0
004441 0.0
004442 0.40832127993
004445 0.0
004446 0.0
004448 0.0
004449 0.156005781397
004451 0.0
004453 0.0
004455 0.0
004457 0.0
004459 1.15253259408
004461 0.459189490886
004463 0.0
004464 0.0
004466 0.117221409954
004467 0.0
004468 0.0
004471 0.0
004473 0.0
004476 0.0
004477 0.0
004478 0.0
004479 0.209551368194
004484 0.0
004488 0.714037605834
004492 0.10998552684
004495 0.0
004497 0.0
004498 0.0
004499 1.18384226257
004500 0.0
004503 0.0
004504 0.0
004505 0.0
004506 0.0
004507 0.329594760486
004509 0.758900155897
004510 0.0
004512 1.051649789
004514 0.452677247838
004515 0.0
004518 0.0
004522 0.0
004523 0.0
004524 0.0
004525 2.34
004533 0.0
004535 0.0
004536 0.432971561237
004537 0.879594800096
004538 0.0
004539 0.0
004543 0.139363284739
004544 0.0
004545 0.0
004546 0.123154823756
004550 0.0
004552 0.0
004554 0.0
004555 0.0
004558 0.299059329002
004559 0.0
004560 0.0
004561 0.555861082505
004563 0.0
004564 0.0
004565 1.35672937771
004571 0.0
004572 1.13675832403
004575 0.0
004577 0.0
004579 0.0
004580 0.0
004583 0.963710991789
004584 1.47
004586 0.0
004590 0.0
004592 0.0
004593 0.0
004594 0.153473225812
004595 0.0
004597 0.0
004600 0.0
004601 0.0
004602 0.269030351542
004604 0.672069472273
004605 0.148335724595
004606 0.0
004607 0.0
004613 1.47
004614 0.0
004616 0.0
004617 0.0
004619 0.362662851134
004621 0.0
004623 0.0
004625 0.0
004627 0.1661360342
004628 0.994645462367
004631 0.0
004635 0.0
004637 0.405571636691
004639 0.0
004641 0.0
004642 0.0
004643 0.0
004645 0.0
004646 0.388277870874
004653 0.0
004654 0.0
004656 0.0
004659 0.399855283856
004661 0.0
004662 0.0
004663 0.0
004664 0.0
004670 0.0
004671 0.0
004674 0.166425475508
004675 0.0
004676 0.0
004677 0.0
004678 0.0
004681 0.0
004684 0.0
004690 0.190014432032
004696 0.334442852202
004701 0.0
004702 0.0
004703 0.0
004704 0.855643945907
004707 0.0
004712 0.236107066123
004719 0.0
004723 0.174240239622
004727 0.0
004728 0.0
004729 1.29015918406
004731 0.424023164509
004733 0.153111445403
004736 0.450289421937
004741 0.0
004747 0.652629042155
004749 1.3772359132
004750 0.0
004751 0.0
004754 0.0
004755 0.0
004757 1.29899057257
004758 0.990520993466
004760 1.34283650974
004761 0.0
004765 0.0
004767 0.482199678545
004771 0.409551363778
004772 0.0
004774 0.0
004775 0.0
004778 0.897793038364
004779 0.0
004780 0.1648336002
004781 0.0
004784 0.891027505767
004785 0.0
004786 0.668973794136
004789 0.489001439725
004793 0.0
004794 0.0
004795 0.0
004796 0.0
004798 0.614471752978
004801 0.0
004802 2.24645437967
004803 0.373806070143
004805 0.0
004808 0.0
004809 0.771056449879
004812 0.0
004818 0.0
004819 0.0
004820 0.0
004823 0.0
004824 0.390593532888
004826 0.0
004827 0.724554999872
004828 0.0
004833 0.0
004834 0.360781480538
004836 0.550470338371
004837 0.141316936951
004838 0.0
004840 0.0
004841 0.0
004842 1.61273999127
004844 0.19392187447
004845 0.0
004847 0.0
004853 0.0
004854 0.134153407493
004855 0.347973969152
004856 0.165412455323
004857 1.12127346861
004865 0.0
004866 0.390545113099
004869 0.178437048432
004870 1.68668592373
004872 0.0
004876 1.47
004877 0.212445732222
004878 0.0
004879 0.0
004880 0.0
004882 1.26787267097
004883 0.0
004884 0.684708164213
004886 0.0
004889 0.142402345296
004890 0.0
004894 0.0
004897 0.985127831113
004899 0.0
004900 0.0
004901 0.127641095439
004906 0.266570206489
004908 0.615629756502
004910 0.0
004911 0.0
004912 0.553400868445
004913 0.0
004915 0.137481917176
004916 0.0
004919 0.689580299057
004922 0.0
004923 0.0
004925 0.0
004930 0.607380611679
004933 0.0
004936 0.0
004937 0.0
004939 0.440014501988
004940 0.202749607014
004945 0.960492052666
004950 0.116931960828
004951 0.362662813598
004952 0.0
004955 0.724240218851
004957 0.0
004961 0.0
004964 0.574891474071
004965 0.238965268418
004967 0.0
004968 0.660419671132
004969 0.302894358122
004970 0.0
004971 0.0
004972 0.0
004973 0.167149055194
004975 0.0
004977 0.248480464201
004978 0.0
004980 0.0
004982 0.0
004984 0.0
004987 0.0
004991 0.0
004992 0.0
004997 0.0
005000 0.0
005003 0.0
005005 0.145586113164
005006 0.0
005007 0.156005798649
005009 0.0
005011 0.0
005012 0.0
005016 0.0
005018 0.0
005020 0.0
005022 0.0
005023 0.0
005025 0.0
005027 1.24876985674
005029 0.0
005030 0.175397975745
005031 0.379630958853
005033 0.407235874281
005035 0.0
005039 1.24348766034
005042 0.0
005043 1.16805112185
005044 0.0
005046 0.0
005047 0.0
005048 0.0
005051 0.0
005059 0.754471756356
005060 0.0
005061 0.33613123068
005066 0.403039051724
005069 0.715918961896
005071 0.812493943961
005076 0.0
005083 0.168379166537
005084 0.412735200653
005085 0.213603448937
005087 1.05386684902
005088 0.0
005089 0.0
005091 0.0
005092 0.342691755502
005096 0.466353123854
005097 0.421418225886
005098 0.0
005099 0.0
005100 0.0
005102 0.96531595174
005104 0.159478912133
005106 0.231548490814
005107 0.146454426038
005111 0.0
005114 0.0
005115 0.30173648111
005116 1.02566571623
005117 0.0
005118 0.0
005119 0.0
005123 0.0
005126 0.0
005129 1.0997106991
005130 0.0
005131 0.553834999004
005132 0.193632425344
005134 0.0
005137 0.388084916291
005142 0.310853835298
005146 1.04471781492
005148 0.0
005150 0.918502188985
005151 0.0
005152 1.30434146666
005154 0.186830685729
005159 0.0
005160 0.0
005165 0.993135551914
005169 1.33690302693
005171 0.256343458335
005173 0.0
005177 0.0
005178 0.0
005183 0.0
005186 0.0
005187 0.0
005192 0.0
005193 0.0
005195 0.0
005196 0.784804610544
005200 0.0
005202 0.0
005203 0.0
005204 0.0
005205 2.23979742931
005207 0.146985019513
005208 0.829363234318
005209 0.0
005210 0.0
005211 0.814326903237
005212 0.0
005215 0.331693189016
005216 1.11374820538
005220 0.0
005223 0.0
005224 0.0
005225 0.0
005228 0.0
005231 0.0
005232 0.189146157974
005235 0.542257594648
005238 0.0
005239 0.0
005243 0.0
005245 0.246309716519
005247 0.0
005248 0.561649783245
005250 1.47
005252 0.0
005253 1.43415330978
005254 0.0
005257 0.0
005258 0.41675107869
005259 0.505209848953
005261 0.0
005263 0.504630967953
005264 0.0
005265 0.0
005266 0.0
005269 0.0
005270 0.897901568848
005272 0.0
005277 0.0
005278 0.435745353809
005281 0.667149078656
005283 0.0
005285 0.0
005286 0.0
005288 0.0
005290 0.0
005291 0.0
005293 0.35383504655
005294 0.925904438223
005295 1.31056436409
005300 0.0
005301 0.195369033841
005302 0.0
005303 0.830101311293
005305 0.0
005306 0.0
005310 0.257452964438
005314 0.0
005317 0.466859633947
005320 0.0
005324 0.13400868293
005326 0.0
005327 0.0
005331 0.0
005332 0.0
005339 0.0
005340 0.0
005344 0.0
005346 0.0
005348 0.762952219388
005351 0.0
005352 0.0
005353 0.159913103073
005354 0.0
005355 0.0
005356 0.146454408786
005357 0.0
005358 0.279015915094
005361 0.0
005362 0.0
005364 0.0
005367 0.0
005370 0.0
005373 0.0
005374 0.0
005376 0.0
005380 0.720069440143
005382 0.0
005383 0.0
005384 0.0
005387 0.0
005388 0.0
005392 0.0
005393 0.0
005394 0.0
005395 0.225615052859
005396 0.0
005397 0.0
005398 1.04500726404
005399 0.0
005400 0.0
005401 0.0
005402 0.0
005403 0.289869722513
005406 0.0
005407 0.106946500786
005408 0.525615039226
005409 0.0
005410 1.55209846331
005411 0.0
005412 0.0
005414 0.616208447734
005416 0.0
005417 0.0
005418 1.07922213984
005419 0.842918474903
005420 0.0
005421 0.0
005424 0.0
005425 0.0
005428 0.0
005432 0.0
005433 0.265340080051
005435 0.0
005436 0.559575489852
005438 0.0
005439 0.250795936446
005440 0.0
005442 0.0
005446 0.982344443822
005451 0.0
005454 0.0
005455 0.0
005456 0.0
005457 0.0
005462 1.41580318917
005463 0.0
005464 0.230390739165
005468 0.0
005469 1.10723603134
005470 0.0
005475 0.105354547846
005478 0.0
005480 0.702170801232
005483 0.0
005485 0.329956615023
005488 0.0
005490 0.0
005491 0.0
005492 0.0
005493 0.174674490944
005496 0.0
005497 0.0
005499 0.0
005500 0.0
005501 0.129088306565
005502 0.0
005503 0.0
005504 0.616968165431
005506 0.0
005507 0.0
005508 0.0
005509 0.0
005512 0.0
005513 0.0
005516 1.1211287613
005517 0.293921837758
005518 0.0
005519 1.27626631608
005520 0.0
005521 0.0
005522 0.0
005524 0.383967086741
005526 0.0
005527 0.0
005529 0.0
005530 0.0
005533 0.0
005535 0.0
005537 0.0
005539 0.257452869553
005541 1.28888564754
005543 0.0
005547 0.0
005548 0.0
005549 0.0
005550 0.0
005553 0.0
005554 0.0
005561 0.127206904498
005562 0.0
005563 0.337916069196
005564 0.0
005567 0.238639642464
005568 0.835940672948
005569 0.0
005574 0.0
005575 1.47
005578 0.0
005579 0.595947906008
005583 0.0
005585 0.747901589412
005591 0.0
005592 0.0
005593 0.0
005594 0.24804627326
005597 0.0
005598 0.662228650536
005599 0.0
005604 0.186722133681
005605 1.75137485333
005606 0.356005794233
005607 0.0
005608 0.389704370094
005609 0.256729402004
005611 0.0
005612 0.0
005614 0.0
005615 0.0
005620 0.0
005621 1.47192467829
005622 0.797300982938
005624 0.0
005626 0.0
005627 0.0
005628 0.630969628584
005629 0.0
005632 0.0
005636 0.0
005637 0.149638193906
005641 0.0
005644 0.0
005645 1.2412445245
005646 0.0
005647 0.133285094619
005648 0.0
005651 0.0
005654 0.0
005655 0.0
005657 0.0
005661 0.0
005663 0.725519538035
005665 0.694983734207
005666 0.0
005667 0.0
005670 0.285817664413
005671 0.714864601694
005674 0.0
005675 0.22033283921
005678 0.0
005679 0.0
005681 0.0
005682 0.289869791519
005684 0.285094105214
005686 0.0
005688 0.165122980319
005690 0.416280729251
005691 0.0
005692 0.527255184808
005693 0.974457446815
005694 0.0
005696 0.69123651652
005697 0.0
005701 0.0
005702 0.0
005705 0.0
005710 0.0
005711 0.169175112817
005715 0.0
005716 0.0
005718 0.0
005719 0.876266462931
005720 0.0
005721 0.0
005722 0.0
005723 0.0
005726 0.0
005730 0.0
005732 0.0
005733 1.01743848555
005734 0.0
005737 0.0
005738 0.0
005742 0.0
005748 1.42460200618
005749 0.0
005750 0.0
005752 0.0
005753 0.0
005755 0.0
005756 0.0
005758 0.74471778704
005759 0.0
005761 0.0
005764 1.05499275859
005766 0.0
005767 0.0
005768 0.0
005769 0.0
005770 0.0
005771 0.0
005772 0.0
005773 0.60033770615
005774 0.0
005775 0.0
005776 0.0
005778 0.299638212158
005779 0.134732271241
005780 0.0
005781 0.0
005788 0.125325605942
005789 0.141823447044
005791 0.0
005792 0.0
005795 0.0
005797 0.0
005798 0.875904522135
005799 0.0
005802 0.0
005804 0.165701878571
005808 0.258031871315
005809 0.0
005810 0.0
005813 0.179739522865
005814 1.47
005815 0.0
005816 0.0
005817 0.646599156812
005823 0.0
005824 0.287004339195
005825 0.708711989192
005828 0.0
005830 0.0
005831 0.0
005832 0.0
005833 0.0
005835 0.206946429571
005836 0.687554189679
005837 0.643511825981
005838 0.978581743199
005842 0.0
005844 0.0
005845 0.0
005846 0.518137949766
005847 0.237916062779
005848 0.0
005849 1.26628075253
005850 0.0
005851 0.0
005853 0.871490569605
005858 0.0
005860 0.0
005861 0.0
005862 0.0
005863 0.0
005865 0.0
005866 0.974384932143
005867 0.0
005868 0.0
005870 0.0
005871 0.0
005872 0.0
005874 0.0
005875 0.0
005877 0.0
005880 0.215123013719
005884 0.0
005886 0.0
005888 0.236468860278
005890 0.502315512959
005891 0.296960937132
005895 1.05861068289
005896 0.0
005897 0.0
005898 0.354529664503
005902 0.794500690466
005904 0.281837923309
005908 0.0
005915 0.421779994164
005920 0.284081085028
005924 0.0
005928 0.174095523685
005929 0.0
005930 0.0
005932 0.0
005934 0.738205526741
005936 0.0
005937 0.0
005940 0.0
005941 0.0
005942 0.0
005943 0.0
005945 0.235817642874
005946 0.0
005950 0.80332852652
005951 0.0
005953 0.0
005954 0.157163560649
005956 0.0
005957 0.0
005959 0.0
005960 0.0
005964 0.388422578185
005966 0.0
005967 0.0
005968 0.0
005971 0.0
005973 0.393777128239
005974 0.0
005976 0.0
005977 0.0
005979 0.0
005980 0.599807078172
005983 0.0
005987 1.5085383193
005989 0.0
005990 0.0
005991 0.0
005992 0.0
005993 0.0
005995 0.0
005998 0.0
006000 0.217655598686
006004 0.0
006006 0.986121552347
006007 0.152966669085
006011 0.634008671889
006015 0.0
006017 0.0
006018 1.1587554225
006019 0.0
006020 0.0
006021 0.0
006022 1.47
006025 0.0
006032 0.0
006035 0.824167897491
006037 0.0
006040 0.0
006049 0.0
006051 0.893248917239
006053 0.168885715446
006055 0.0
006056 0.0
006059 0.0
006064 0.0
006065 2.29739507959
006069 0.0
006072 0.0
006073 0.0
006076 0.163241681763
006079 0.0
006080 0.0
006081 0.0
006082 0.491895792971
006084 0.0
006089 0.353907382954
006090 0.0
006091 0.0
006092 0.0
006094 0.445947900156
006099 0.0
006101 0.856729388755
006104 0.0
006105 0.323299595658
006108 0.0
006109 0.265412444489
006111 0.468162103258
006112 0.0
006113 0.0
006119 0.0
006120 0.0
006124 0.0
006128 0.0
006129 0.0
006131 0.0
006132 0.0
006134 0.0
006135 0.0
006137 0.0
006138 0.0
006140 0.0
006141 0.0
006142 0.0
006143 0.0
006145 0.0
006147 0.0
006149 0.0
006150 0.876782377973
006153 0.0
006155 0.0
006157 0.0
006158 0.190303915661
006159 0.588712057398
006160 1.23473207443
006162 0.0
006164 0.204630970265
006166 1.11061504955
006170 0.0
006171 0.0
006172 0.792764133724
006174 1.05890013202
006175 0.467293790384
006178 0.0
006179 0.597576001274
006180 0.0
006181 0.0
006183 0.801881315394
006184 0.437843696081
006188 0.0
006189 0.156874042517
006191 0.0
006192 0.0
006193 0.0
006197 0.0
006199 0.0
006200 0.0
006201 0.195658470028
006203 0.0
006205 0.0
006206 0.0
006207 0.0
006209 0.0
006211 0.0
006212 0.0
006214 0.0
006216 0.0
006217 2.02532559849
006218 0.0
006220 2.08625193098
006221 1.32026047852
006223 0.799565791394
006224 0.0
006225 0.0
006226 0.0
006230 0.0
006231 0.176845152368
006234 0.0
006235 0.0
006236 1.30318380817
006237 0.0
006239 0.0
006241 0.0
006242 1.01085385434
006243 0.0
006245 0.0
006248 0.0
006251 0.0
006252 0.0
006253 0.0
006254 0.0
006255 0.0
006256 0.150361868476
006257 0.0
006259 0.0
006260 0.0
006261 0.234949342939
006262 0.457597710462
006264 0.0
006268 0.469247477099
006271 0.0
006277 0.758789195692
006279 0.0
006281 0.271201168231
006283 0.821128629914
006284 0.236758323781
006285 1.58659183066
006289 0.0
006290 0.0
006291 0.227785817794
006292 0.129811877625
006293 0.0
006294 0.174384938308
006295 0.0
006296 0.0
006298 0.0
006299 0.149927643032
006303 0.0
006304 0.0
006307 0.0
006308 0.0
006309 0.0
006310 0.0
006311 0.0
006313 0.0
006318 1.43225033861
006319 0.207235887323
006320 0.0
006323 0.0
006325 0.0
006326 0.0
006327 0.0
006328 0.0
006329 0.0
006330 0.0
006335 0.0
006336 0.0
006337 0.0
006341 0.22033284669
006346 0.727062252945
006347 0.0
006350 0.0
006352 0.0
006358 0.0
006359 0.0
006361 0.0
006362 0.504688843977
006363 0.0
006365 0.0
006367 0.274529574404
006373 0.0
006374 0.0
006375 0.0
006376 0.1118668599
006378 0.530607828011
006382 0.55301496503
006383 0.0
006384 0.0
006387 0.0
006389 0.0
006390 0.0
006392 0.0
006397 0.0
006398 0.0
006399 0.0
006400 0.304667145424
006401 0.114761247649
006402 0.0
006404 0.0
006408 0.0
006412 0.320405203596
006413 0.0
006414 0.0
006418 0.0
006419 0.0
006421 0.0
006422 0.0
006428 0.0
006429 0.912300998671
006430 0.0
006431 0.545296663831
006432 0.919971107229
006438 0.0
006443 0.0
006447 0.0
006448 0.0
006449 0.69781478845
006450 0.0
006455 0.0
006456 0.0
006457 0.619392215602
006458 0.197539781524
006459 0.0
006460 0.0
006461 0.0
006463 0.0
006466 0.0
006467 0.243053560492
006471 0.147901568157
006476 0.0
006479 0.0
006480 0.0
006485 0.0
006487 0.0
006489 0.0
006490 0.0
006492 1.17348047828
006494 1.22629521548
006495 0.0
006499 0.0
006500 0.0
006501 0.0
006502 0.159189566517
006504 0.135745300053
006509 0.0
006510 0.0
006511 0.980296696333
006513 0.0
006518 1.28147605532
006522 1.72120113621
006523 0.0
006526 0.0
006527 0.0
006528 0.274746809505
006536 0.774384994065
006538 0.0
006539 0.285759765746
006541 0.0
006543 0.0
006544 0.0
006545 0.0
006546 0.943738549799
006547 0.0
006550 0.0
006552 0.162952232637
006554 0.0
006557 0.0
006559 0.0
006562 0.0
006564 0.156005729642
006566 0.0
006567 1.47
006571 0.0
006572 0.391678734212
006573 0.191027521225
006575 0.0
006579 1.24949353131
006580 0.0
006584 0.0
006585 0.157308250709
006587 0.0
006589 0.243415346021
006591 0.0
006594 0.0
006598 0.382054990694
006599 0.114182418404
006600 0.299855355071
006601 1.15687408944
006605 0.266353111019
006606 0.0
006607 0.0
006608 0.780788733854
006609 0.11837913745
006610 2.34
006615 0.0
006616 0.0
006617 0.330053063561
006619 0.596816149876
006620 0.0
006621 0.463096933323
006622 0.0
006627 0.867452980137
006630 0.0
006631 0.0
006635 0.0
006639 0.0
006640 0.0
006642 0.374674383017
006644 0.0
006645 0.539290887747
006646 0.0
006648 1.41505063356
006652 0.0
006653 0.0
006654 0.0
006657 1.00086831883
006661 0.0
006662 0.0
006663 0.0
006665 0.0
006668 0.0
006671 0.0
006672 0.0
006673 0.0
006675 0.0
006680 0.0
006681 0.0
006683 0.0
006684 0.135600584116
006687 0.157018808052
006688 0.0
006689 0.566859631739
006690 0.0
006691 0.0
006697 0.0
006699 0.0
006700 0.434515220902
006702 0.0
006704 0.497018804426
006705 0.0
006706 0.0
006707 0.0
006708 0.0
006716 0.0
006717 0.0
006718 0.0
006721 0.0
006722 0.601157714248
006724 0.109262093794
006727 0.0
006728 0.0
006730 0.0
006735 0.0
006736 0.0
006739 0.0
006740 0.0
006742 1.2234443521
006743 0.0
006746 0.0
006748 0.0
006749 0.600492036463
006750 0.531693167348
006757 1.56917516816
006763 0.0
006766 0.0
006769 0.193342976218
006774 0.0
006775 0.0
006776 0.0
006779 0.0
006784 0.0
006787 1.06845150463
006788 0.0
006790 0.0
006793 0.0
006795 0.145296664038
006799 0.0
006801 0.241765577303
006802 0.590159199517
006805 0.0
006809 1.21495414344
006810 0.457452968647
006814 0.0
006817 0.341533958998
006820 0.488277868666
006821 0.0
006823 0.0
006824 0.0
006825 0.168017363755
006826 0.0
006827 0.756150492711
006830 0.166280748789
006831 0.0
006834 0.0
006835 0.439218501796
006838 0.536468853654
006839 0.0
006840 0.0
006842 1.2341533832
006845 0.0
006846 0.0
006848 0.0
006851 0.0
006857 0.0
006859 0.482344454863
006861 0.0
006864 0.0
006865 0.0
006867 0.0
006869 0.0
006871 0.0
006875 0.0
006877 0.0
006878 0.21509889799
006880 0.0
006883 0.0
006886 0.508538358636
006888 0.0
006890 0.0
006892 0.196526813093
006893 0.0
006894 0.306222886063
006896 0.0
006902 0.726193905567
006904 0.0
006905 0.0
006909 0.901157742126
006911 0.0
006912 0.692185249181
006915 0.0
006916 1.81172201154
006918 0.0
006919 0.506367593702
006920 0.0
006921 0.0
006923 0.791027438968
006924 0.786975427233
006926 0.124674371286
006927 0.0
006929 0.0
006931 0.0
006932 0.89175111133
006933 0.0
006934 0.0
006935 0.518620364975
006939 0.0
006940 0.0
006941 0.13531113499
006946 1.30301013061
006947 0.0
006949 0.0
006951 0.125615055068
006952 0.11374819296
006957 0.346888474549
006958 2.34
006961 1.47
006963 0.0
006965 0.158900169146
006966 0.0
006967 0.0
006969 1.47
006970 0.0
006972 0.129956593562
006974 0.0
006975 0.0
006976 0.0
006979 0.0
006983 0.0
006984 0.0
006985 0.0
006986 0.0
006988 0.0
006991 0.0
006993 0.0
006995 0.0
006996 0.0
006998 0.0
007001 0.0
007002 0.0
007004 0.325325567022
007007 0.0
007009 0.0
007013 1.47
007017 0.0
007018 0.716787297773
007020 0.0
007021 0.559768490439
007024 0.0
007025 0.0
007035 0.0
007036 0.0
007039 0.0
007040 0.0
007041 0.0
007044 0.740665706298
007045 0.37727932164
007046 0.301302462687
007050 0.0
007051 0.0
007054 0.0
007057 0.0
007058 0.0
007060 0.0
007062 0.0
007064 0.0
007066 0.0
007070 0.385528293946
007073 0.16845151588
007075 0.147467377217
007077 0.484081046109
007086 0.0
007090 0.0
007092 0.451664227653
007093 0.215050660063
007094 0.364881822928
007096 0.0
007097 0.0
007099 0.0
007101 0.0
007102 0.734587585184
007104 1.47
007105 0.0
007106 0.0
007107 0.0
007108 0.0
007111 0.0
007113 0.0
007114 0.0
007116 0.0
007118 0.581476139781
007121 0.0
007123 1.66546311187
007124 0.0
007126 0.161649797829
007127 0.0
007128 0.0
007129 0.381823442607
007134 0.0
007137 0.0
007140 0.0
007141 0.0
007142 1.13418714977
007143 0.0
007147 0.163772306866
007148 0.0
007150 0.0
007151 0.0
007152 0.0
007153 0.0
007155 0.0
007156 0.287047757426
007159 0.1825614707
007160 0.0
007167 0.327062261777
007170 1.53661360789
007171 1.47
007173 0.0
007175 0.0
007179 0.61172214586
007181 0.0
007184 0.0
007185 1.47
007186 0.0
007188 0.138929093798
007189 0.480463104552
007190 0.0
007191 0.0
007192 0.859768483815
007193 0.0
007195 0.148335828105
007196 0.205933478393
007197 0.0
007203 0.933212723297
007206 1.66830685308
007209 0.0
007211 0.125036225823
007213 0.0
007216 0.0
007218 0.325904482525
007220 0.0
007222 0.0
007223 0.185817643978
007224 0.504196811516
007226 0.0
007228 0.0
007231 0.182923325236
007234 0.0
007236 0.0
007237 0.176410978679
007239 0.0
007241 0.0
007243 0.0
007245 0.0
007248 0.0
007249 0.0
007250 1.47
007251 1.3507958949
007254 0.947684524028
007257 0.0
007259 1.09565848034
007263 0.0
007264 0.617510882542
007268 1.05687416066
007269 0.0
007270 0.103473249289
007276 0.0
007281 0.0
007282 0.0
007285 0.351808971676
007286 0.170622272188
007293 0.0
007295 0.0
007296 0.0
007297 0.0
007298 0.0
007301 0.242836499525
007305 0.195803276537
007306 0.0
007307 1.59392184355
007308 0.150795955906
007312 0.0
007313 0.0
007314 0.0
007316 0.0
007317 0.327235910551
007320 0.127496388128
007321 0.0
007324 0.540810383522
007328 0.165267756637
007332 0.0
007333 0.439797391422
007334 0.416208383143
007335 0.0
007338 0.378726481011
007340 0.0
007341 0.0
007346 0.0
007348 0.0
007354 0.0
007355 0.0
007356 0.0
007357 0.0
007358 0.0
007361 0.915050644605
007362 0.181620838673
007363 1.47
007365 0.0
007366 0.865412517498
007367 0.0
007368 0.599348777972
007370 0.0
007372 0.337481912759
007373 0.0
007378 0.0
007379 0.0
007386 0.0
007387 0.186251834919
007388 0.0
007390 0.0
007392 0.0
007393 0.0
007394 0.257597680375
007399 0.627496377087
007400 0.0
007404 0.315918901722
007406 0.716449440359
007408 0.166570191445
007414 0.24399420977
007417 0.0
007418 0.0
007425 0.0
007427 0.180607801236
007428 0.0
007429 0.0
007431 0.182489134296
007432 0.0
007438 0.0
007441 0.0
007443 0.0
007444 0.0
007446 0.302749673813
007451 0.0
007452 0.917800256036
007454 0.0
007455 0.0
007457 0.0
007459 0.0
007460 0.0
007461 0.0
007465 0.0
007471 0.0
007472 0.0
007474 0.0
007476 0.216931984497
007479 0.30767006743
