000000
000000removeYl0_25
000000removeYr0_25
000009
000009
000009
000012
000012
000012
000016
000016
000016
000022
000022
000022
000030
000030
000030
000036
000036
000036
000043
000043removeYl0_75
000043removeYr0_75
000046
000046
000046
000054
000054removeYl0_25
000054removeYr0_25
000057
000057
000057
000067
000067
000067
000070
000070removeYl0_25
000070removeYr0_25
000073
000073removeYl0_25
000073removeYr0_25
000079
000079
000079
000083
000083
000083
000086
000086
000086
000091
000091
000091
000096
000096
000096
000100
000100removeYl0_5
000100removeYr0_5
000105
000105
000105
000111
000111
000111
000114
000114removeYl0_25
000114removeYr0_25
000120
000120
000120
000125
000125
000125
000130
000130removeYl0_25
000130removeYr0_25
000136
000136removeYl0_25
000136removeYr0_25
000142
000142removeYl0_5
000142removeYr0_5
000146
000146
000146
000150
000150
000150
000157
000157removeYl0_5
000157removeYr0_5
000162
000162
000162
000165
000165
000165
000172
000172
000172
000178
000178
000178
000184
000184removeYl0_25
000184removeYr0_25
000193
000193removeYl0_25
000193removeYr0_25
000202
000202
000202
000574
000574
000574
000577
000577
000577
000580
000580
000580
000585
000585
000585
000592
000592
000592
000596
000596removeYl0_75
000596removeYr0_75
000599
000599
000599
000605
000605
000605
000608
000608removeYl0_75
000608removeYr0_75
000617
000617
000617
000623
000623
000623
000631
000631
000631
000637
000637
000637
000641
000641removeYl0_75
000641removeYr0_75
000649
000649removeYl0_75
000649removeYr0_75
000653
000653
000653
000661
000661
000661
000664
000664
000664
000668
000668
000668
000673
000673
000673
000678
000678
000678
000685
000685removeYl0_5
000685removeYr0_5
000688
000688
000688
000693
000693
000693
000701
000701
000701
000707
000707
000707
000711
000711
000711
000714
000714
000714
000720
000720removeYl0_25
000720removeYr0_25
000726
000726removeYl0_25
000726removeYr0_25
000733
000733removeYl0_75
000733removeYr0_75
000739
000739
000739
000744
000744removeYl0_25
000744removeYr0_25
000753
000753removeYl0_25
000753removeYr0_25
000758
000758
000758
000762
000762
000762
000770
000770removeYl0_25
000770removeYr0_25
000777
000777
000777
000783
000783
000783
000786
000786
000786
000789
000789removeYl0_25
000789removeYr0_25
000794
000794
000794
000799
000799removeYl0_75
000799removeYr0_75
000814
000814
000814
000818
000818removeYl0_75
000818removeYr0_75
000822
000822
000822
000827
000827removeYl0_25
000827removeYr0_25
000830
000830
000830
000834
000834
000834
000839
000839removeYl0_25
000839removeYr0_25
000846
000846removeYl0_75
000846removeYr0_75
000855
000855
000855
000858
000858
000858
000864
000864
000864
000867
000867
000867
000871
000871
000871
000882
000882
000882
000887
000887
000887
000891
000891
000891
000896
000896
000896
000901
000901
000901
000905
000905
000905
000910
000910removeYl0_5
000910removeYr0_5
000918
000918
000918
000924
000924removeYl0_75
000924removeYr0_75
000929
000929
000929
000935
000935removeYl0_25
000935removeYr0_25
000941
000941
000941
000947
000947removeYl0_75
000947removeYr0_75
000954
000954
000954
000959
000959
000959
000965
000965removeYl0_25
000965removeYr0_25
000975
000975removeYl0_5
000975removeYr0_5
000980
000980
000980
000989
000989
000989
000993
000993
000993
000996
000996
000996
001000
001000
001000
001004
001004
001004
001016
001016
001016
001023
001023
001023
001029
001029removeYl0_25
001029removeYr0_25
001032
001032
001032
001036
001036removeYl0_25
001036removeYr0_25
001041
001041
001041
001047
001047
001047
001052
001052
001052
001059
001059
001059
001062
001062
001062
001073
001073
001073
001080
001080
001080
001085
001085
001085
001091
001091removeYl0_25
001091removeYr0_25
001098
001098
001098
001105
001105
001105
001112
001112removeYl0_25
001112removeYr0_25
001121
001121
001121
001126
001126
001126
001137
001137
001137
001151
001151removeYl0_5
001151removeYr0_5
001159
001159
001159
001164
001164
001164
001168
001168
001168
001171
001171
001171
001181
001181removeYl0_75
001181removeYr0_75
001186
001186
001186
001197
001197
001197
001202
001202
001202
001208
001208removeYl0_25
001208removeYr0_25
001211
001211removeYl0_25
001211removeYr0_25
001219
001219
001219
001227
001227
001227
001233
001233
001233
001247
001247
001247
001256
001256
001256
001264
001264
001264
001278
001278
001278
001282
001282
001282
001288
001288removeYl0_75
001288removeYr0_75
001297
001297
001297
001300
001300removeYl0_25
001300removeYr0_25
001309
001309
001309
001312
001312
001312
001316
001316
001316
001321
001321removeYl0_5
001321removeYr0_5
001324
001324
001324
001327
001327
001327
001338
001338
001338
001343
001343
001343
001351
001351removeYl0_75
001351removeYr0_75
001358
001358removeYl0_25
001358removeYr0_25
001362
001362
001362
001367
001367
001367
001370
001370removeYl0_75
001370removeYr0_75
001378
001378removeYl0_75
001378removeYr0_75
001385
001385
001385
001393
001393
001393
001399
001399
001399
001402
001402
001402
001405
001405removeYl0_75
001405removeYr0_75
001409
001409removeYl0_75
001409removeYr0_75
001417
001417removeYl0_75
001417removeYr0_75
001422
001422removeYl0_5
001422removeYr0_5
001426
001426removeYl0_25
001426removeYr0_25
001430
001430
001430
001436
001436
001436
001447
001447removeYl0_75
001447removeYr0_75
001453
001453
001453
001456
001456
001456
001460
001460
001460
001465
001465removeYl0_75
001465removeYr0_75
001470
001470
001470
001474
001474
001474
001479
001479
001479
001484
001484
001484
001491
001491
001491
001494
001494
001494
001499
001499
001499
001504
001504removeYl0_25
001504removeYr0_25
001509
001509
001509
001515
001515
001515
001520
001520
001520
001530
001530
001530
001534
001534
001534
001541
001541
001541
001548
001548removeYl0_25
001548removeYr0_25
001553
001553
001553
001558
001558removeYl0_25
001558removeYr0_25
001563
001563
001563
001570
001570removeYl0_25
001570removeYr0_25
001575
001575
001575
001581
001581
001581
001595
001595removeYl0_75
001595removeYr0_75
001601
001601
001601
001608
001608removeYl0_75
001608removeYr0_75
001612
001612
001612
001620
001620
001620
001624
001624removeYl0_25
001624removeYr0_25
001630
001630
001630
001637
001637removeYl0_75
001637removeYr0_75
001641
001641
001641
001646
001646
001646
001651
001651
001651
001655
001655removeYl0_75
001655removeYr0_75
001661
001661removeYl0_5
001661removeYr0_5
001669
001669
001669
001673
001673
001673
001677
001677
001677
001681
001681
001681
001687
001687removeYl0_5
001687removeYr0_5
001691
001691
001691
001696
001696
001696
001703
001703
001703
001716
001716removeYl0_75
001716removeYr0_75
001724
001724
001724
001730
001730
001730
001735
001735
001735
001738
001738
001738
001744
001744
001744
001753
001753
001753
001757
001757
001757
001761
001761
001761
001767
001767
001767
001773
001773
001773
001779
001779
001779
001788
001788removeYl0_5
001788removeYr0_5
001791
001791
001791
001796
001796removeYl0_25
001796removeYr0_25
001803
001803
001803
001809
001809
001809
001812
001812
001812
001819
001819removeYl0_25
001819removeYr0_25
001827
001827
001827
001832
001832
001832
001836
001836
001836
001839
001839
001839
001843
001843
001843
001849
001849
001849
001860
001860
001860
001866
001866
001866
001873
001873removeYl0_5
001873removeYr0_5
001879
001879removeYl0_75
001879removeYr0_75
001889
001889removeYl0_75
001889removeYr0_75
001895
001895removeYl0_25
001895removeYr0_25
001901
001901
001901
001906
001906
001906
001910
001910removeYl0_75
001910removeYr0_75
001913
001913
001913
001916
001916
001916
001921
001921removeYl0_25
001921removeYr0_25
001935
001935
001935
001944
001944
001944
001949
001949
001949
001953
001953
001953
001957
001957removeYl0_25
001957removeYr0_25
001962
001962
001962
001965
001965
001965
001971
001971removeYl0_75
001971removeYr0_75
001975
001975removeYl0_5
001975removeYr0_5
001987
001987removeYl0_25
001987removeYr0_25
001992
001992removeYl0_5
001992removeYr0_5
001998
001998removeYl0_25
001998removeYr0_25
002006
002006
002006
002015
002015removeYl0_25
002015removeYr0_25
002020
002020
002020
002026
002026
002026
002032
002032
002032
002040
002040
002040
002051
002051
002051
002059
002059removeYl0_25
002059removeYr0_25
002063
002063removeYl0_75
002063removeYr0_75
002066
002066
002066
002070
002070
002070
002080
002080removeYl0_75
002080removeYr0_75
002088
002088
002088
002095
002095removeYl0_5
002095removeYr0_5
002098
002098
002098
002105
002105
002105
002110
002110removeYl0_75
002110removeYr0_75
002117
002117removeYl0_25
002117removeYr0_25
002125
002125
002125
002132
002132
002132
002141
002141
002141
002145
002145
002145
002148
002148
002148
002154
002154
002154
002157
002157
002157
002167
002167
002167
002174
002174
002174
002178
002178removeYl0_25
002178removeYr0_25
002184
002184
002184
002190
002190
002190
002194
002194removeYl0_5
002194removeYr0_5
002198
002198
002198
002204
002204
002204
002210
002210removeYl0_75
002210removeYr0_75
002213
002213
002213
002221
002221
002221
002226
002226
002226
002231
002231
002231
002237
002237
002237
002241
002241
002241
002247
002247removeYl0_25
002247removeYr0_25
002253
002253
002253
002261
002261
002261
002265
002265
002265
002269
002269
002269
002273
002273
002273
002278
002278
002278
002288
002288removeYl0_25
002288removeYr0_25
002297
002297
002297
002305
002305removeYl0_75
002305removeYr0_75
002312
002312
002312
002317
002317
002317
002322
002322removeYl0_75
002322removeYr0_75
002326
002326
002326
002333
002333
002333
002342
002342removeYl0_25
002342removeYr0_25
002350
002350
002350
002354
002354
002354
002360
002360removeYl0_5
002360removeYr0_5
002364
002364
002364
002373
002373
002373
002377
002377
002377
002388
002388removeYl0_75
002388removeYr0_75
002394
002394
002394
002400
002400
002400
002403
002403removeYl0_25
002403removeYr0_25
002408
002408
002408
002412
002412
002412
002417
002417
002417
002427
002427
002427
002435
002435
002435
002438
002438
002438
002444
002444removeYl0_75
002444removeYr0_75
002448
002448
002448
002452
002452
002452
002459
002459
002459
002466
002466
002466
002469
002469
002469
002472
002472
002472
002481
002481
002481
002485
002485removeYl0_25
002485removeYr0_25
002491
002491
002491
002496
002496removeYl0_5
002496removeYr0_5
002507
002507
002507
002512
002512removeYl0_5
002512removeYr0_5
002515
002515
002515
002522
002522
002522
002527
002527
002527
002536
002536removeYl0_5
002536removeYr0_5
002544
002544
002544
002549
002549removeYl0_25
002549removeYr0_25
002553
002553
002553
002559
002559
002559
002566
002566
002566
002573
002573
002573
002579
002579
002579
002588
002588
002588
002592
002592
002592
002596
002596
002596
002607
002607
002607
002610
002610
002610
002616
002616removeYl0_25
002616removeYr0_25
002620
002620removeYl0_75
002620removeYr0_75
002624
002624
002624
002632
002632
002632
002639
002639
002639
002647
002647
002647
002650
002650
002650
002655
002655
002655
002660
002660
002660
002665
002665
002665
002670
002670removeYl0_75
002670removeYr0_75
002676
002676
002676
002682
002682
002682
002687
002687removeYl0_75
002687removeYr0_75
002691
002691
002691
002700
002700
002700
002704
002704
002704
002714
002714
002714
002719
002719
002719
002732
002732
002732
002736
002736
002736
002741
002741
002741
002751
002751
002751
002759
002759
002759
002768
002768
002768
002771
002771removeYl0_25
002771removeYr0_25
002777
002777
002777
002780
002780removeYl0_75
002780removeYr0_75
002784
002784
002784
002790
002790
002790
002795
002795
002795
002802
002802
002802
002808
002808
002808
002817
002817
002817
002822
002822removeYl0_75
002822removeYr0_75
002825
002825removeYl0_75
002825removeYr0_75
002834
002834
002834
002838
002838removeYl0_75
002838removeYr0_75
002849
002849
002849
002852
002852
002852
002857
002857removeYl0_25
002857removeYr0_25
002862
002862
002862
002868
002868removeYl0_25
002868removeYr0_25
002871
002871
002871
002874
002874
002874
002886
002886
002886
002897
002897removeYl0_75
002897removeYr0_75
002904
002904removeYl0_75
002904removeYr0_75
002909
002909
002909
002913
002913
002913
002920
002920removeYl0_5
002920removeYr0_5
002923
002923removeYl0_5
002923removeYr0_5
002929
002929
002929
002933
002933
002933
002939
002939
002939
002943
002943removeYl0_25
002943removeYr0_25
002950
002950
002950
002956
002956removeYl0_25
002956removeYr0_25
002968
002968removeYl0_75
002968removeYr0_75
002972
002972
002972
002980
002980removeYl0_75
002980removeYr0_75
002986
002986removeYl0_75
002986removeYr0_75
002990
002990removeYl0_5
002990removeYr0_5
002998
002998
002998
003009
003009removeYl0_25
003009removeYr0_25
003014
003014
003014
003017
003017removeYl0_25
003017removeYr0_25
003021
003021
003021
003028
003028removeYl0_25
003028removeYr0_25
003039
003039
003039
003044
003044
003044
003051
003051
003051
003060
003060
003060
003068
003068
003068
003072
003072
003072
003078
003078removeYl0_75
003078removeYr0_75
003083
003083
003083
003086
003086
003086
003092
003092
003092
003097
003097
003097
003104
003104
003104
003111
003111
003111
003117
003117
003117
003121
003121removeYl0_25
003121removeYr0_25
003125
003125
003125
003132
003132
003132
003140
003140removeYl0_5
003140removeYr0_5
003149
003149removeYl0_5
003149removeYr0_5
003154
003154
003154
003158
003158
003158
003164
003164
003164
003169
003169removeYl0_75
003169removeYr0_75
003176
003176
003176
003185
003185
003185
003189
003189
003189
003195
003195removeYl0_5
003195removeYr0_5
003200
003200
003200
003206
003206removeYl0_5
003206removeYr0_5
003212
003212
003212
003218
003218
003218
003227
003227
003227
003235
003235removeYl0_5
003235removeYr0_5
003241
003241
003241
003245
003245
003245
003249
003249
003249
003258
003258removeYl0_75
003258removeYr0_75
003262
003262
003262
003267
003267
003267
003271
003271
003271
003277
003277removeYl0_25
003277removeYr0_25
003282
003282
003282
003286
003286removeYl0_5
003286removeYr0_5
003290
003290
003290
003294
003294removeYl0_5
003294removeYr0_5
003303
003303
003303
003311
003311removeYl0_25
003311removeYr0_25
003320
003320
003320
003327
003327
003327
003332
003332
003332
003335
003335removeYl0_25
003335removeYr0_25
003340
003340
003340
003345
003345
003345
003354
003354
003354
003360
003360removeYl0_75
003360removeYr0_75
003363
003363
003363
003372
003372removeYl0_75
003372removeYr0_75
003377
003377removeYl0_75
003377removeYr0_75
003381
003381
003381
003384
003384
003384
003389
003389
003389
003392
003392
003392
003413
003413
003413
003416
003416
003416
003423
003423
003423
003431
003431
003431
003437
003437removeYl0_5
003437removeYr0_5
003440
003440
003440
003444
003444
003444
003451
003451
003451
003455
003455removeYl0_25
003455removeYr0_25
003459
003459removeYl0_25
003459removeYr0_25
003463
003463
003463
003473
003473removeYl0_75
003473removeYr0_75
003477
003477
003477
003486
003486
003486
003498
003498removeYl0_25
003498removeYr0_25
003501
003501
003501
003508
003508
003508
003512
003512removeYl0_75
003512removeYr0_75
003516
003516removeYl0_25
003516removeYr0_25
003523
003523
003523
003532
003532
003532
003536
003536
003536
003540
003540removeYl0_5
003540removeYr0_5
003545
003545
003545
003549
003549
003549
003556
003556removeYl0_25
003556removeYr0_25
003564
003564removeYl0_75
003564removeYr0_75
003567
003567
003567
003572
003572
003572
003577
003577
003577
003581
003581
003581
003587
003587removeYl0_25
003587removeYr0_25
003591
003591removeYl0_25
003591removeYr0_25
003594
003594
003594
003597
003597
003597
003602
003602removeYl0_75
003602removeYr0_75
003610
003610
003610
003615
003615removeYl0_5
003615removeYr0_5
003625
003625
003625
003636
003636
003636
003639
003639
003639
003642
003642
003642
003648
003648removeYl0_75
003648removeYr0_75
003654
003654
003654
003660
003660
003660
003665
003665
003665
003672
003672
003672
003675
003675
003675
003685
003685
003685
003693
003693
003693
003696
003696removeYl0_25
003696removeYr0_25
003699
003699
003699
003704
003704removeYl0_25
003704removeYr0_25
003710
003710
003710
003717
003717
003717
003722
003722
003722
003727
003727
003727
003731
003731
003731
003734
003734
003734
003742
003742
003742
003745
003745
003745
003754
003754
003754
003759
003759removeYl0_25
003759removeYr0_25
003765
003765removeYl0_25
003765removeYr0_25
003768
003768removeYl0_75
003768removeYr0_75
003773
003773
003773
003780
003780
003780
003785
003785
003785
003790
003790removeYl0_75
003790removeYr0_75
003795
003795
003795
003799
003799
003799
003806
003806
003806
003815
003815
003815
003818
003818
003818
003823
003823removeYl0_5
003823removeYr0_5
003829
003829
003829
003833
003833
003833
003839
003839
003839
003843
003843
003843
003846
003846
003846
003850
003850
003850
003855
003855
003855
003861
003861
003861
003865
003865
003865
003871
003871
003871
003877
003877
003877
003887
003887removeYl0_25
003887removeYr0_25
003893
003893
003893
003900
003900
003900
003906
003906
003906
003911
003911
003911
003917
003917
003917
003921
003921removeYl0_75
003921removeYr0_75
003927
003927removeYl0_25
003927removeYr0_25
003930
003930
003930
003936
003936
003936
003941
003941
003941
003947
003947removeYl0_25
003947removeYr0_25
003952
003952
003952
003955
003955removeYl0_25
003955removeYr0_25
003960
003960
003960
003967
003967removeYl0_25
003967removeYr0_25
003973
003973removeYl0_75
003973removeYr0_75
003978
003978removeYl0_25
003978removeYr0_25
003985
003985
003985
003989
003989removeYl0_25
003989removeYr0_25
003993
003993removeYl0_5
003993removeYr0_5
003997
003997removeYl0_25
003997removeYr0_25
004006
004006
004006
004014
004014
004014
004018
004018
004018
004022
004022removeYl0_25
004022removeYr0_25
004025
004025
004025
004031
004031
004031
004039
004039removeYl0_5
004039removeYr0_5
004046
004046
004046
004052
004052
004052
004056
004056
004056
004060
004060
004060
004067
004067
004067
004071
004071
004071
004076
004076
004076
004084
004084
004084
004090
004090removeYl0_75
004090removeYr0_75
004097
004097
004097
004103
004103removeYl0_25
004103removeYr0_25
004114
004114removeYl0_75
004114removeYr0_75
004127
004127removeYl0_75
004127removeYr0_75
004135
004135
004135
004144
004144
004144
004147
004147removeYl0_25
004147removeYr0_25
004165
004165removeYl0_75
004165removeYr0_75
004169
004169removeYl0_25
004169removeYr0_25
004177
004177removeYl0_75
004177removeYr0_75
004180
004180
004180
004183
004183
004183
004192
004192
004192
004197
004197removeYl0_5
004197removeYr0_5
004200
004200
004200
004204
004204
004204
004212
004212removeYl0_75
004212removeYr0_75
004218
004218removeYl0_5
004218removeYr0_5
004227
004227removeYl0_25
004227removeYr0_25
004231
004231
004231
004235
004235removeYl0_25
004235removeYr0_25
004240
004240removeYl0_75
004240removeYr0_75
004247
004247removeYl0_25
004247removeYr0_25
004257
004257
004257
004262
004262
004262
004266
004266
004266
004269
004269
004269
004274
004274removeYl0_25
004274removeYr0_25
004283
004283removeYl0_75
004283removeYr0_75
004292
004292
004292
004302
004302
004302
004310
004310
004310
004316
004316
004316
004322
004322
004322
004331
004331
004331
004334
004334removeYl0_25
004334removeYr0_25
004344
004344
004344
004351
004351removeYl0_25
004351removeYr0_25
004356
004356
004356
004359
004359
004359
004366
004366
004366
004375
004375
004375
004379
004379removeYl0_75
004379removeYr0_75
004382
004382
004382
004389
004389removeYl0_25
004389removeYr0_25
004395
004395
004395
004405
004405
004405
004410
004410removeYl0_25
004410removeYr0_25
004413
004413
004413
004427
004427
004427
004432
004432
004432
004442
004442removeYl0_5
004442removeYr0_5
004448
004448
004448
004453
004453
004453
004459
004459removeYl0_75
004459removeYr0_75
004464
004464
004464
004468
004468
004468
004476
004476
004476
004479
004479removeYl0_25
004479removeYr0_25
004492
004492
004492
004498
004498
004498
004503
004503
004503
004506
004506
004506
004510
004510
004510
004515
004515
004515
004523
004523
004523
004533
004533
004533
004537
004537removeYl0_75
004537removeYr0_75
004543
004543removeYl0_25
004543removeYr0_25
004546
004546
004546
004554
004554
004554
004559
004559
004559
004563
004563
004563
004571
004571
004571
004577
004577
004577
004583
004583removeYl0_75
004583removeYr0_75
004590
004590
004590
004594
004594removeYl0_25
004594removeYr0_25
004600
004600
004600
004604
004604removeYl0_75
004604removeYr0_75
004607
004607
004607
004616
004616
004616
004621
004621
004621
004627
004627removeYl0_25
004627removeYr0_25
004635
004635
004635
004641
004641
004641
004645
004645
004645
004654
004654
004654
004661
004661
004661
004664
004664
004664
004674
004674removeYl0_25
004674removeYr0_25
004677
004677
004677
004684
004684
004684
004701
004701
004701
004704
004704removeYl0_75
004704removeYr0_75
004719
004719
004719
004728
004728
004728
004733
004733removeYl0_25
004733removeYr0_25
004747
004747removeYl0_75
004747removeYr0_75
004751
004751
004751
004757
004757removeYl0_75
004757removeYr0_75
004761
004761
004761
004771
004771removeYl0_5
004771removeYr0_5
004775
004775
004775
004780
004780removeYl0_25
004780removeYr0_25
004785
004785
004785
004793
004793
004793
004796
004796
004796
004802
004802
004802
004808
004808
004808
004818
004818
004818
004823
004823
004823
004827
004827removeYl0_75
004827removeYr0_75
004834
004834removeYl0_25
004834removeYr0_25
004838
004838
004838
004842
004842removeYl0_75
004842removeYr0_75
004847
004847
004847
004855
004855removeYl0_25
004855removeYr0_25
004865
004865
004865
004870
004870removeYl0_75
004870removeYr0_75
004877
004877removeYl0_25
004877removeYr0_25
004880
004880
004880
004884
004884removeYl0_75
004884removeYr0_75
004890
004890
004890
004899
004899
004899
004906
004906removeYl0_25
004906removeYr0_25
004911
004911
004911
004915
004915removeYl0_25
004915removeYr0_25
004922
004922
004922
004930
004930removeYl0_5
004930removeYr0_5
004937
004937
004937
004945
004945removeYl0_75
004945removeYr0_75
004952
004952
004952
004961
004961
004961
004967
004967
004967
004970
004970
004970
004973
004973removeYl0_25
004973removeYr0_25
004978
004978
004978
004984
004984
004984
004992
004992
004992
005003
005003
005003
005007
005007removeYl0_25
005007removeYr0_25
005012
005012
005012
005020
005020
005020
005025
005025
005025
005030
005030removeYl0_25
005030removeYr0_25
005035
005035
005035
005043
005043removeYl0_75
005043removeYr0_75
005047
005047
005047
005059
005059removeYl0_75
005059removeYr0_75
005066
005066removeYl0_5
005066removeYr0_5
005076
005076
005076
005085
005085removeYl0_25
005085removeYr0_25
005089
005089
005089
005096
005096removeYl0_5
005096removeYr0_5
005099
005099
005099
005104
005104removeYl0_25
005104removeYr0_25
005111
005111
005111
005116
005116removeYl0_75
005116removeYr0_75
005119
005119
005119
005129
005129removeYl0_75
005129removeYr0_75
005132
005132removeYl0_25
005132removeYr0_25
005142
005142removeYl0_25
005142removeYr0_25
005150
005150removeYl0_75
005150removeYr0_75
005154
005154removeYl0_25
005154removeYr0_25
005165
005165removeYl0_75
005165removeYr0_75
005173
005173
005173
005183
005183
005183
005192
005192
005192
005196
005196removeYl0_75
005196removeYr0_75
005203
005203
005203
005207
005207removeYl0_25
005207removeYr0_25
005210
005210
005210
005215
005215removeYl0_25
005215removeYr0_25
005223
005223
005223
005228
005228
005228
005235
005235removeYl0_5
005235removeYr0_5
005243
005243
005243
005248
005248removeYl0_5
005248removeYr0_5
005253
005253removeYl0_75
005253removeYr0_75
005258
005258removeYl0_5
005258removeYr0_5
005263
005263removeYl0_5
005263removeYr0_5
005266
005266
005266
005272
005272
005272
005281
005281removeYl0_75
005281removeYr0_75
005286
005286
005286
005291
005291
005291
005295
005295removeYl0_75
005295removeYr0_75
005302
005302
005302
005306
005306
005306
005317
005317removeYl0_5
005317removeYr0_5
005326
005326
005326
005332
005332
005332
005344
005344
005344
005351
005351
005351
005354
005354
005354
005357
005357
005357
005362
005362
005362
005370
005370
005370
005376
005376
005376
005383
005383
005383
005388
005388
005388
005394
005394
005394
005397
005397
005397
005400
005400
005400
005403
005403removeYl0_25
005403removeYr0_25
005408
005408removeYl0_5
005408removeYr0_5
005411
005411
005411
005416
005416
005416
005419
005419removeYl0_75
005419removeYr0_75
005424
005424
005424
005432
005432
005432
005436
005436removeYl0_5
005436removeYr0_5
005440
005440
005440
005451
005451
005451
005456
005456
005456
005463
005463
005463
005469
005469removeYl0_75
005469removeYr0_75
005478
005478
005478
005485
005485removeYl0_25
005485removeYr0_25
005491
005491
005491
005496
005496
005496
005500
005500
005500
005503
005503
005503
005507
005507
005507
005512
005512
005512
005517
005517removeYl0_25
005517removeYr0_25
005520
005520
005520
005524
005524removeYl0_5
005524removeYr0_5
005529
005529
005529
005535
005535
005535
005541
005541removeYl0_75
005541removeYr0_75
005548
005548
005548
005553
005553
005553
005562
005562
005562
005567
005567removeYl0_25
005567removeYr0_25
005574
005574
005574
005579
005579removeYl0_5
005579removeYr0_5
005591
005591
005591
005594
005594removeYl0_25
005594removeYr0_25
005599
005599
005599
005606
005606removeYl0_25
005606removeYr0_25
005609
005609removeYl0_25
005609removeYr0_25
005614
005614
005614
005621
005621removeYl0_75
005621removeYr0_75
005626
005626
005626
005629
005629
005629
005637
005637removeYl0_25
005637removeYr0_25
005645
005645removeYl0_75
005645removeYr0_75
005648
005648
005648
005655
005655
005655
005663
005663removeYl0_75
005663removeYr0_75
005667
005667
005667
005674
005674
005674
005679
005679
005679
005684
005684removeYl0_25
005684removeYr0_25
005690
005690removeYl0_5
005690removeYr0_5
005693
005693removeYl0_75
005693removeYr0_75
005697
005697
005697
005705
005705
005705
005715
005715
005715
005719
005719removeYl0_75
005719removeYr0_75
005722
005722
005722
005730
005730
005730
005734
005734
005734
005742
005742
005742
005750
005750
005750
005755
005755
005755
005759
005759
005759
005766
005766
005766
005769
005769
005769
005772
005772
005772
005775
005775
005775
005779
005779removeYl0_25
005779removeYr0_25
005788
005788removeYl0_25
005788removeYr0_25
005792
005792
005792
005798
005798removeYl0_75
005798removeYr0_75
005804
005804removeYl0_25
005804removeYr0_25
005810
005810
005810
005815
005815
005815
005823
005823
005823
005828
005828
005828
005832
005832
005832
005836
005836removeYl0_75
005836removeYr0_75
005842
005842
005842
005846
005846removeYl0_5
005846removeYr0_5
005849
005849removeYl0_75
005849removeYr0_75
005853
005853removeYl0_75
005853removeYr0_75
005861
005861
005861
005865
005865
005865
005868
005868
005868
005872
005872
005872
005877
005877
005877
005886
005886
005886
005891
005891removeYl0_25
005891removeYr0_25
005897
005897
005897
005904
005904removeYl0_25
005904removeYr0_25
005920
005920removeYl0_25
005920removeYr0_25
005929
005929
005929
005934
005934removeYl0_75
005934removeYr0_75
005940
005940
005940
005943
005943
005943
005950
005950removeYl0_75
005950removeYr0_75
005954
005954removeYl0_25
005954removeYr0_25
005959
005959
005959
005966
005966
005966
005971
005971
005971
005976
005976
005976
005980
005980removeYl0_5
005980removeYr0_5
005989
005989
005989
005992
005992
005992
005998
005998
005998
006006
006006removeYl0_75
006006removeYr0_75
006015
006015
006015
006019
006019
006019
006022
006022removeYl0_75
006022removeYr0_75
006035
006035removeYl0_75
006035removeYr0_75
006049
006049
006049
006055
006055
006055
006064
006064
006064
006072
006072
006072
006079
006079
006079
006082
006082removeYl0_5
006082removeYr0_5
006090
006090
006090
006094
006094removeYl0_5
006094removeYr0_5
006104
006104
006104
006109
006109removeYl0_25
006109removeYr0_25
006113
006113
006113
006124
006124
006124
006131
006131
006131
006135
006135
006135
006140
006140
006140
006143
006143
006143
006149
006149
006149
006155
006155
006155
006159
006159removeYl0_5
006159removeYr0_5
006164
006164removeYl0_25
006164removeYr0_25
006171
006171
006171
006175
006175removeYl0_5
006175removeYr0_5
006180
006180
006180
006184
006184removeYl0_5
006184removeYr0_5
006191
006191
006191
006197
006197
006197
006201
006201removeYl0_25
006201removeYr0_25
006206
006206
006206
006211
006211
006211
006216
006216
006216
006220
006220removeYl0_75
006220removeYr0_75
006224
006224
006224
006230
006230
006230
006235
006235
006235
006239
006239
006239
006243
006243
006243
006251
006251
006251
006254
006254
006254
006257
006257
006257
006261
006261removeYl0_25
006261removeYr0_25
006268
006268removeYl0_5
006268removeYr0_5
006279
006279
006279
006284
006284removeYl0_25
006284removeYr0_25
006290
006290
006290
006293
006293
006293
006296
006296
006296
006303
006303
006303
006308
006308
006308
006311
006311
006311
006319
006319removeYl0_25
006319removeYr0_25
006325
006325
006325
006328
006328
006328
006335
006335
006335
006341
006341removeYl0_25
006341removeYr0_25
006350
006350
006350
006359
006359
006359
006363
006363
006363
006373
006373
006373
006376
006376
006376
006383
006383
006383
006389
006389
006389
006397
006397
006397
006400
006400removeYl0_25
006400removeYr0_25
006404
006404
006404
006413
006413
006413
006419
006419
006419
006428
006428
006428
006431
006431removeYl0_5
006431removeYr0_5
006443
006443
006443
006449
006449removeYl0_75
006449removeYr0_75
006456
006456
006456
006459
006459
006459
006463
006463
006463
006471
006471removeYl0_25
006471removeYr0_25
006480
006480
006480
006489
006489
006489
006494
006494removeYl0_75
006494removeYr0_75
006500
006500
006500
006504
006504removeYl0_25
006504removeYr0_25
006511
006511removeYl0_75
006511removeYr0_75
006522
006522removeYl0_75
006522removeYr0_75
006527
006527
006527
006538
006538
006538
006543
006543
006543
006546
006546removeYl0_75
006546removeYr0_75
006552
006552removeYl0_25
006552removeYr0_25
006559
006559
006559
006566
006566
006566
006572
006572removeYl0_5
006572removeYr0_5
006579
006579removeYl0_75
006579removeYr0_75
006585
006585removeYl0_25
006585removeYr0_25
006591
006591
006591
006599
006599
006599
006605
006605removeYl0_25
006605removeYr0_25
006608
006608removeYl0_75
006608removeYr0_75
006615
006615
006615
006619
006619removeYl0_5
006619removeYr0_5
006622
006622
006622
006631
006631
006631
006640
006640
006640
006645
006645removeYl0_5
006645removeYr0_5
006652
006652
006652
006657
006657removeYl0_75
006657removeYr0_75
006663
006663
006663
006671
006671
006671
006675
006675
006675
006683
006683
006683
006688
006688
006688
006691
006691
006691
006700
006700removeYl0_5
006700removeYr0_5
006705
006705
006705
006708
006708
006708
006718
006718
006718
006724
006724
006724
006730
006730
006730
006739
006739
006739
006743
006743
006743
006749
006749removeYl0_5
006749removeYr0_5
006763
006763
006763
006774
006774
006774
006779
006779
006779
006788
006788
006788
006795
006795removeYl0_25
006795removeYr0_25
006802
006802removeYl0_5
006802removeYr0_5
006810
006810removeYl0_5
006810removeYr0_5
006820
006820removeYl0_5
006820removeYr0_5
006824
006824
006824
006827
006827removeYl0_75
006827removeYr0_75
006834
006834
006834
006839
006839
006839
006845
006845
006845
006851
006851
006851
006861
006861
006861
006867
006867
006867
006875
006875
006875
006880
006880
006880
006888
006888
006888
006893
006893
006893
006902
006902removeYl0_75
006902removeYr0_75
006909
006909removeYl0_75
006909removeYr0_75
006915
006915
006915
006919
006919removeYl0_5
006919removeYr0_5
006923
006923removeYl0_75
006923removeYr0_75
006927
006927
006927
006932
006932removeYl0_75
006932removeYr0_75
006935
006935removeYl0_5
006935removeYr0_5
006941
006941removeYl0_25
006941removeYr0_25
006949
006949
006949
006957
006957removeYl0_25
006957removeYr0_25
006963
006963
006963
006967
006967
006967
006972
006972removeYl0_25
006972removeYr0_25
006976
006976
006976
006984
006984
006984
006988
006988
006988
006995
006995
006995
007001
007001
007001
007007
007007
007007
007017
007017
007017
007021
007021removeYl0_5
007021removeYr0_5
007035
007035
007035
007040
007040
007040
007045
007045removeYl0_5
007045removeYr0_5
007051
007051
007051
007058
007058
007058
007064
007064
007064
007073
007073removeYl0_25
007073removeYr0_25
007086
007086
007086
007093
007093removeYl0_25
007093removeYr0_25
007097
007097
007097
007102
007102removeYl0_75
007102removeYr0_75
007106
007106
007106
007111
007111
007111
007116
007116
007116
007123
007123removeYl0_75
007123removeYr0_75
007127
007127
007127
007134
007134
007134
007141
007141
007141
007147
007147removeYl0_25
007147removeYr0_25
007151
007151
007151
007155
007155
007155
007160
007160
007160
007171
007171removeYl0_75
007171removeYr0_75
007179
007179removeYl0_5
007179removeYr0_5
007185
007185removeYl0_75
007185removeYr0_75
007189
007189removeYl0_5
007189removeYr0_5
007192
007192removeYl0_75
007192removeYr0_75
007196
007196removeYl0_25
007196removeYr0_25
007206
007206removeYl0_75
007206removeYr0_75
007213
007213
007213
007220
007220
007220
007224
007224removeYl0_5
007224removeYr0_5
007231
007231removeYl0_25
007231removeYr0_25
007237
007237removeYl0_25
007237removeYr0_25
007243
007243
007243
007249
007249
007249
007254
007254removeYl0_75
007254removeYr0_75
007263
007263
007263
007269
007269
007269
007281
007281
007281
007286
007286removeYl0_25
007286removeYr0_25
007296
007296
007296
007301
007301removeYl0_25
007301removeYr0_25
007307
007307removeYl0_75
007307removeYr0_75
007313
007313
007313
007317
007317removeYl0_25
007317removeYr0_25
007324
007324removeYl0_5
007324removeYr0_5
007333
007333removeYl0_5
007333removeYr0_5
007338
007338removeYl0_5
007338removeYr0_5
007346
007346
007346
007355
007355
007355
007358
007358
007358
007363
007363removeYl0_75
007363removeYr0_75
007367
007367
007367
007372
007372removeYl0_25
007372removeYr0_25
007379
007379
007379
007388
007388
007388
007393
007393
007393
007400
007400
007400
007408
007408removeYl0_25
007408removeYr0_25
007418
007418
007418
007428
007428
007428
007432
007432
007432
007443
007443
007443
007451
007451
007451
007455
007455
007455
007460
007460
007460
007471
007471
007471
007476
007476removeYl0_25
007476removeYr0_25
