000000
000009
000012
000016
000022
000030
000036
000043
000046
000054
000057
000067
000070
000073
000079
000083
000086
000091
000096
000100
000105
000111
000114
000120
000125
000130
000136
000142
000146
000150
000157
000162
000165
000172
000178
000184
000193
000202
000574
000577
000580
000585
000592
000596
000599
000605
000608
000617
000623
000631
000637
000641
000649
000653
000661
000664
000668
000673
000678
000685
000688
000693
000701
000707
000711
000714
000720
000726
000733
000739
000744
000753
000758
000762
000770
000777
000783
000786
000789
000794
000799
000814
000818
000822
000827
000830
000834
000839
000846
000855
000858
000864
000867
000871
000882
000887
000891
000896
000901
000905
000910
000918
000924
000929
000935
000941
000947
000954
000959
000965
000975
000980
000989
000993
000996
001000
001004
001016
001023
001029
001032
001036
001041
001047
001052
001059
001062
001073
001080
001085
001091
001098
001105
001112
001121
001126
001137
001151
001159
001164
001168
001171
001181
001186
001197
001202
001208
001211
001219
001227
001233
001247
001256
001264
001278
001282
001288
001297
001300
001309
001312
001316
001321
001324
001327
001338
001343
001351
001358
001362
001367
001370
001378
001385
001393
001399
001402
001405
001409
001417
001422
001426
001430
001436
001447
001453
001456
001460
001465
001470
001474
001479
001484
001491
001494
001499
001504
001509
001515
001520
001530
001534
001541
001548
001553
001558
001563
001570
001575
001581
001595
001601
001608
001612
001620
001624
001630
001637
001641
001646
001651
001655
001661
001669
001673
001677
001681
001687
001691
001696
001703
001716
001724
001730
001735
001738
001744
001753
001757
001761
001767
001773
001779
001788
001791
001796
001803
001809
001812
001819
001827
001832
001836
001839
001843
001849
001860
001866
001873
001879
001889
001895
001901
001906
001910
001913
001916
001921
001935
001944
001949
001953
001957
001962
001965
001971
001975
001987
001992
001998
002006
002015
002020
002026
002032
002040
002051
002059
002063
002066
002070
002080
002088
002095
002098
002105
002110
002117
002125
002132
002141
002145
002148
002154
002157
002167
002174
002178
002184
002190
002194
002198
002204
002210
002213
002221
002226
002231
002237
002241
002247
002253
002261
002265
002269
002273
002278
002288
002297
002305
002312
002317
002322
002326
002333
002342
002350
002354
002360
002364
002373
002377
002388
002394
002400
002403
002408
002412
002417
002427
002435
002438
002444
002448
002452
002459
002466
002469
002472
002481
002485
002491
002496
002507
002512
002515
002522
002527
002536
002544
002549
002553
002559
002566
002573
002579
002588
002592
002596
002607
002610
002616
002620
002624
002632
002639
002647
002650
002655
002660
002665
002670
002676
002682
002687
002691
002700
002704
002714
002719
002732
002736
002741
002751
002759
002768
002771
002777
002780
002784
002790
002795
002802
002808
002817
002822
002825
002834
002838
002849
002852
002857
002862
002868
002871
002874
002886
002897
002904
002909
002913
002920
002923
002929
002933
002939
002943
002950
002956
002968
002972
002980
002986
002990
002998
003009
003014
003017
003021
003028
003039
003044
003051
003060
003068
003072
003078
003083
003086
003092
003097
003104
003111
003117
003121
003125
003132
003140
003149
003154
003158
003164
003169
003176
003185
003189
003195
003200
003206
003212
003218
003227
003235
003241
003245
003249
003258
003262
003267
003271
003277
003282
003286
003290
003294
003303
003311
003320
003327
003332
003335
003340
003345
003354
003360
003363
003372
003377
003381
003384
003389
003392
003413
003416
003423
003431
003437
003440
003444
003451
003455
003459
003463
003473
003477
003486
003498
003501
003508
003512
003516
003523
003532
003536
003540
003545
003549
003556
003564
003567
003572
003577
003581
003587
003591
003594
003597
003602
003610
003615
003625
003636
003639
003642
003648
003654
003660
003665
003672
003675
003685
003693
003696
003699
003704
003710
003717
003722
003727
003731
003734
003742
003745
003754
003759
003765
003768
003773
003780
003785
003790
003795
003799
003806
003815
003818
003823
003829
003833
003839
003843
003846
003850
003855
003861
003865
003871
003877
003887
003893
003900
003906
003911
003917
003921
003927
003930
003936
003941
003947
003952
003955
003960
003967
003973
003978
003985
003989
003993
003997
004006
004014
004018
004022
004025
004031
004039
004046
004052
004056
004060
004067
004071
004076
004084
004090
004097
004103
004114
004127
004135
004144
004147
004165
004169
004177
004180
004183
004192
004197
004200
004204
004212
004218
004227
004231
004235
004240
004247
004257
004262
004266
004269
004274
004283
004292
004302
004310
004316
004322
004331
004334
004344
004351
004356
004359
004366
004375
004379
004382
004389
004395
004405
004410
004413
004427
004432
004442
004448
004453
004459
004464
004468
004476
004479
004492
004498
004503
004506
004510
004515
004523
004533
004537
004543
004546
004554
004559
004563
004571
004577
004583
004590
004594
004600
004604
004607
004616
004621
004627
004635
004641
004645
004654
004661
004664
004674
004677
004684
004701
004704
004719
004728
004733
004747
004751
004757
004761
004771
004775
004780
004785
004793
004796
004802
004808
004818
004823
004827
004834
004838
004842
004847
004855
004865
004870
004877
004880
004884
004890
004899
004906
004911
004915
004922
004930
004937
004945
004952
004961
004967
004970
004973
004978
004984
004992
005003
005007
005012
005020
005025
005030
005035
005043
005047
005059
005066
005076
005085
005089
005096
005099
005104
005111
005116
005119
005129
005132
005142
005150
005154
005165
005173
005183
005192
005196
005203
005207
005210
005215
005223
005228
005235
005243
005248
005253
005258
005263
005266
005272
005281
005286
005291
005295
005302
005306
005317
005326
005332
005344
005351
005354
005357
005362
005370
005376
005383
005388
005394
005397
005400
005403
005408
005411
005416
005419
005424
005432
005436
005440
005451
005456
005463
005469
005478
005485
005491
005496
005500
005503
005507
005512
005517
005520
005524
005529
005535
005541
005548
005553
005562
005567
005574
005579
005591
005594
005599
005606
005609
005614
005621
005626
005629
005637
005645
005648
005655
005663
005667
005674
005679
005684
005690
005693
005697
005705
005715
005719
005722
005730
005734
005742
005750
005755
005759
005766
005769
005772
005775
005779
005788
005792
005798
005804
005810
005815
005823
005828
005832
005836
005842
005846
005849
005853
005861
005865
005868
005872
005877
005886
005891
005897
005904
005920
005929
005934
005940
005943
005950
005954
005959
005966
005971
005976
005980
005989
005992
005998
006006
006015
006019
006022
006035
006049
006055
006064
006072
006079
006082
006090
006094
006104
006109
006113
006124
006131
006135
006140
006143
006149
006155
006159
006164
006171
006175
006180
006184
006191
006197
006201
006206
006211
006216
006220
006224
006230
006235
006239
006243
006251
006254
006257
006261
006268
006279
006284
006290
006293
006296
006303
006308
006311
006319
006325
006328
006335
006341
006350
006359
006363
006373
006376
006383
006389
006397
006400
006404
006413
006419
006428
006431
006443
006449
006456
006459
006463
006471
006480
006489
006494
006500
006504
006511
006522
006527
006538
006543
006546
006552
006559
006566
006572
006579
006585
006591
006599
006605
006608
006615
006619
006622
006631
006640
006645
006652
006657
006663
006671
006675
006683
006688
006691
006700
006705
006708
006718
006724
006730
006739
006743
006749
006763
006774
006779
006788
006795
006802
006810
006820
006824
006827
006834
006839
006845
006851
006861
006867
006875
006880
006888
006893
006902
006909
006915
006919
006923
006927
006932
006935
006941
006949
006957
006963
006967
006972
006976
006984
006988
006995
007001
007007
007017
007021
007035
007040
007045
007051
007058
007064
007073
007086
007093
007097
007102
007106
007111
007116
007123
007127
007134
007141
007147
007151
007155
007160
007171
007179
007185
007189
007192
007196
007206
007213
007220
007224
007231
007237
007243
007249
007254
007263
007269
007281
007286
007296
007301
007307
007313
007317
007324
007333
007338
007346
007355
007358
007363
007367
007372
007379
007388
007393
007400
007408
007418
007428
007432
007443
007451
007455
007460
007471
007476
