000000
000000
000000
000009
000009
000009
000012
000012
000012
000016
000016
000016
000022
000022
000022
000030
000030
000030
000036
000036
000036
000043
000043
000043
000046
000046
000046
000054
000054
000054
000057
000057
000057
000067
000067
000067
000070
000070
000070
000073
000073
000073
000079
000079
000079
000083
000083
000083
000086
000086
000086
000091
000091
000091
000096
000096
000096
000100
000100
000100
000105
000105
000105
000111
000111
000111
000114
000114
000114
000120
000120
000120
000125
000125
000125
000130
000130
000130
000136
000136
000136
000142
000142
000142
000146
000146
000146
000150
000150
000150
000157
000157
000157
000162
000162
000162
000165
000165
000165
000172
000172
000172
000178
000178
000178
000184
000184
000184
000193
000193
000193
000202
000202
000202
000208
000208
000208
000214
000214
000214
000219
000219
000219
000222
000222
000222
000228
000228
000228
000238
000238
000238
000243
000243
000243
000253
000253
000253
000256
000256
000256
000259
000259
000259
000267
000267
000267
000275
000275
000275
000280
000280
000280
000286
000286
000286
000292
000292
000292
000296
000296
000296
000300
000300
000300
000306
000306
000306
000316
000316
000316
000322
000322
000322
000330
000330
000330
000337
000337
000337
000342
000342
000342
000349
000349
000349
000363
000363
000363
000368
000368
000368
000375
000375
000375
000387
000387
000387
000400
000400
000400
000410
000410
000410
000416
000416
000416
000421
000421
000421
000425
000425
000425
000432
000432
000432
000435
000435
000435
000441
000441
000441
000445
000445
000445
000456
000456
000456
000461
000461
000461
000465
000465
000465
000470
000470
000470
000482
000482
000482
000487
000487
000487
000497
000497
000497
000502
000502
000502
000511
000511
000511
000516
000516
000516
000522
000522
000522
000526
000526
000526
000532
000532
000532
000537
000537
000537
000540
000540
000540
000549
000549
000549
000553
000553
000553
000562
000562
000562
000570
000570
000570
000575
000575
000575
000578
000578
000578
000582
000582
000582
000586
000586
000586
000593
000593
000593
000597
000597
000597
000602
000602
000602
000606
000606
000606
000609
000609
000609
000621
000621
000621
000627
000627
000627
000632
000632
000632
000638
000638
000638
000643
000643
000643
000651
000651
000651
000654
000654
000654
000662
000662
000662
000665
000665
000665
000671
000671
000671
000675
000675
000675
000680
000680
000680
000686
000686
000686
000689
000689
000689
000695
000695
000695
000703
000703
000703
000709
000709
000709
000712
000712
000712
000715
000715
000715
000723
000723
000723
000730
000730
000730
000735
000735
000735
000742
000742
000742
000747
000747
000747
000755
000755
000755
000759
000759
000759
000763
000763
000763
000775
000775
000775
000780
000780
000780
000784
000784
000784
000787
000787
000787
000791
000791
000791
000796
000796
000796
000808
000808
000808
000815
000815
000815
000820
000820
000820
000824
000824
000824
000828
000828
000828
000832
000832
000832
000835
000835
000835
000842
000842
000842
000851
000851
000851
000856
000856
000856
000860
000860
000860
000865
000865
000865
000868
000868
000868
000872
000872
000872
000883
000883
000883
000888
000888
000888
000892
000892
000892
000898
000898
000898
000902
000902
000902
000906
000906
000906
000913
000913
000913
000919
000919
000919
000925
000925
000925
000933
000933
000933
000936
000936
000936
000945
000945
000945
000950
000950
000950
000955
000955
000955
000960
000960
000960
000968
000968
000968
000977
000977
000977
000982
000982
000982
000990
000990
000990
000994
000994
000994
000997
000997
000997
001001
001001
001001
001005
001005
001005
001017
001017
001017
001024
001024
001024
001030
001030
001030
001033
001033
001033
001038
001038
001038
001044
001044
001044
001048
001048
001048
001056
001056
001056
001060
001060
001060
001064
001064
001064
001074
001074
001074
001081
001081
001081
001087
001087
001087
001092
001092
001092
001100
001100
001100
001109
001109
001109
001117
001117
001117
001122
001122
001122
001128
001128
001128
001142
001142
001142
001156
001156
001156
001160
001160
001160
001165
001165
001165
001169
001169
001169
001174
001174
001174
001184
001184
001184
001190
001190
001190
001200
001200
001200
001204
001204
001204
001209
001209
001209
001212
001212
001212
001220
001220
001220
001229
001229
001229
001238
001238
001238
001248
001248
001248
001258
001258
001258
001276
001276
001276
001279
001279
001279
001283
001283
001283
001290
001290
001290
001298
001298
001298
001301
001301
001301
001310
001310
001310
001313
001313
001313
001319
001319
001319
001322
001322
001322
001325
001325
001325
001328
001328
001328
001340
001340
001340
001348
001348
001348
001354
001354
001354
001360
001360
001360
001364
001364
001364
001368
001368
001368
001371
001371
001371
001379
001379
001379
001390
001390
001390
001394
001394
001394
001400
001400
001400
001403
001403
001403
001406
001406
001406
001413
001413
001413
001418
001418
001418
001423
001423
001423
001428
001428
001428
001433
001433
001433
001440
001440
001440
001449
001449
001449
001454
001454
001454
001457
001457
001457
001462
001462
001462
001467
001467
001467
001472
001472
001472
001475
001475
001475
001482
001482
001482
001486
001486
001486
001492
001492
001492
001496
001496
001496
001500
001500
001500
001505
001505
001505
001510
001510
001510
001518
001518
001518
001523
001523
001523
001531
001531
001531
001539
001539
001539
001543
001543
001543
001550
001550
001550
001554
001554
001554
001559
001559
001559
001566
001566
001566
001571
001571
001571
001578
001578
001578
001584
001584
001584
001598
001598
001598
001604
001604
001604
001609
001609
001609
001614
001614
001614
001622
001622
001622
001626
001626
001626
001632
001632
001632
001638
001638
001638
001642
001642
001642
001648
001648
001648
001652
001652
001652
001657
001657
001657
001663
001663
001663
001671
001671
001671
001674
001674
001674
001678
001678
001678
001685
001685
001685
001688
001688
001688
001692
001692
001692
001698
001698
001698
001708
001708
001708
001720
001720
001720
001725
001725
001725
001731
001731
001731
001736
001736
001736
001739
001739
001739
001747
001747
001747
001754
001754
001754
001759
001759
001759
001763
001763
001763
001769
001769
001769
001775
001775
001775
001784
001784
001784
001789
001789
001789
001792
001792
001792
001798
001798
001798
001805
001805
001805
001810
001810
001810
001815
001815
001815
001821
001821
001821
001829
001829
001829
001833
001833
001833
001837
001837
001837
001841
001841
001841
001845
001845
001845
001850
001850
001850
001864
001864
001864
001870
001870
001870
001874
001874
001874
001882
001882
001882
001891
001891
001891
001896
001896
001896
001902
001902
001902
001907
001907
001907
001911
001911
001911
001914
001914
001914
001917
001917
001917
001922
001922
001922
001938
001938
001938
001947
001947
001947
001950
001950
001950
001955
001955
001955
001958
001958
001958
001963
001963
001963
001968
001968
001968
001973
001973
001973
001976
001976
001976
001988
001988
001988
001993
001993
001993
002003
002003
002003
002007
002007
002007
002016
002016
002016
002023
002023
002023
002030
002030
002030
002033
002033
002033
002041
002041
002041
002053
002053
002053
002060
002060
002060
002064
002064
002064
002067
002067
002067
002072
002072
002072
002083
002083
002083
002090
002090
002090
002096
002096
002096
002099
002099
002099
002106
002106
002106
002114
002114
002114
002119
002119
002119
002126
002126
002126
002133
002133
002133
002143
002143
002143
002146
002146
002146
002149
002149
002149
002155
002155
002155
002162
002162
002162
002171
002171
002171
002175
002175
002175
002180
002180
002180
002186
002186
002186
002191
002191
002191
002195
002195
002195
002199
002199
002199
002205
002205
002205
002211
002211
002211
002214
002214
002214
002222
002222
002222
002227
002227
002227
002235
002235
002235
002238
002238
002238
002242
002242
002242
002249
002249
002249
002256
002256
002256
002263
002263
002263
002267
002267
002267
002270
002270
002270
002274
002274
002274
002281
002281
002281
002289
002289
002289
002301
002301
002301
002309
002309
002309
002313
002313
002313
002318
002318
002318
002323
002323
002323
002328
002328
002328
002335
002335
002335
002343
002343
002343
002351
002351
002351
002355
002355
002355
002361
002361
002361
002368
002368
002368
002374
002374
002374
002379
002379
002379
002389
002389
002389
002395
002395
002395
002401
002401
002401
002406
002406
002406
002409
002409
002409
002413
002413
002413
002421
002421
002421
002430
002430
002430
002436
002436
002436
002441
002441
002441
002445
002445
002445
002449
002449
002449
002453
002453
002453
002464
002464
002464
002467
002467
002467
002470
002470
002470
002475
002475
002475
002482
002482
002482
002487
002487
002487
002493
002493
002493
002498
002498
002498
002508
002508
002508
002513
002513
002513
002517
002517
002517
002523
002523
002523
002533
002533
002533
002537
002537
002537
002545
002545
002545
002550
002550
002550
002554
002554
002554
002560
002560
002560
002567
002567
002567
002576
002576
002576
002582
002582
002582
002589
002589
002589
002593
002593
002593
002597
002597
002597
002608
002608
002608
002611
002611
002611
002617
002617
002617
002622
002622
002622
002627
002627
002627
002634
002634
002634
002642
002642
002642
002648
002648
002648
002652
002652
002652
002658
002658
002658
002662
002662
002662
002667
002667
002667
002671
002671
002671
002678
002678
002678
002683
002683
002683
002688
002688
002688
002697
002697
002697
002701
002701
002701
002705
002705
002705
002716
002716
002716
002723
002723
002723
002733
002733
002733
002738
002738
002738
002743
002743
002743
002754
002754
002754
002762
002762
002762
002769
002769
002769
002774
002774
002774
002778
002778
002778
002781
002781
002781
002785
002785
002785
002791
002791
002791
002798
002798
002798
002803
002803
002803
002813
002813
002813
002819
002819
002819
002823
002823
002823
002829
002829
002829
002835
002835
002835
002842
002842
002842
002850
002850
002850
002854
002854
002854
002859
002859
002859
002864
002864
002864
002869
002869
002869
002872
002872
002872
002882
002882
002882
002887
002887
002887
002898
002898
002898
002906
002906
002906
002910
002910
002910
002915
002915
002915
002921
002921
002921
002926
002926
002926
002931
002931
002931
002936
002936
002936
002940
002940
002940
002946
002946
002946
002952
002952
002952
002965
002965
002965
002969
002969
002969
002973
002973
002973
002981
002981
002981
002987
002987
002987
002992
002992
002992
003002
003002
003002
003012
003012
003012
003015
003015
003015
003018
003018
003018
003023
003023
003023
003036
003036
003036
003040
003040
003040
003045
003045
003045
003057
003057
003057
003063
003063
003063
003069
003069
003069
003075
003075
003075
003079
003079
003079
003084
003084
003084
003089
003089
003089
003093
003093
003093
003098
003098
003098
003105
003105
003105
003113
003113
003113
003119
003119
003119
003122
003122
003122
003128
003128
003128
003138
003138
003138
003143
003143
003143
003151
003151
003151
003155
003155
003155
003160
003160
003160
003166
003166
003166
003171
003171
003171
003178
003178
003178
003186
003186
003186
003191
003191
003191
003196
003196
003196
003201
003201
003201
003208
003208
003208
003213
003213
003213
003220
003220
003220
003230
003230
003230
003237
003237
003237
003243
003243
003243
003246
003246
003246
003253
003253
003253
003260
003260
003260
003263
003263
003263
003268
003268
003268
003273
003273
003273
003278
003278
003278
003284
003284
003284
003287
003287
003287
003291
003291
003291
003297
003297
003297
003307
003307
003307
003314
003314
003314
003321
003321
003321
003328
003328
003328
003333
003333
003333
003336
003336
003336
003342
003342
003342
003348
003348
003348
003356
003356
003356
003361
003361
003361
003369
003369
003369
003374
003374
003374
003378
003378
003378
003382
003382
003382
003387
003387
003387
003390
003390
003390
003398
003398
003398
003414
003414
003414
003418
003418
003418
003424
003424
003424
003433
003433
003433
003438
003438
003438
003441
003441
003441
003445
003445
003445
003452
003452
003452
003457
003457
003457
003460
003460
003460
003468
003468
003468
003475
003475
003475
003479
003479
003479
003493
003493
003493
003499
003499
003499
003505
003505
003505
003509
003509
003509
003513
003513
003513
003518
003518
003518
003525
003525
003525
003533
003533
003533
003537
003537
003537
003541
003541
003541
003546
003546
003546
003551
003551
003551
003560
003560
003560
003565
003565
003565
003569
003569
003569
003575
003575
003575
003578
003578
003578
003585
003585
003585
003589
003589
003589
003592
003592
003592
003595
003595
003595
003598
003598
003598
003603
003603
003603
003612
003612
003612
003617
003617
003617
003626
003626
003626
003637
003637
003637
003640
003640
003640
003644
003644
003644
003650
003650
003650
003656
003656
003656
003663
003663
003663
003666
003666
003666
003673
003673
003673
003680
003680
003680
003686
003686
003686
003694
003694
003694
003697
003697
003697
003700
003700
003700
003706
003706
003706
003713
003713
003713
003720
003720
003720
003724
003724
003724
003729
003729
003729
003732
003732
003732
003740
003740
003740
003743
003743
003743
003749
003749
003749
003757
003757
003757
003760
003760
003760
003766
003766
003766
003770
003770
003770
003774
003774
003774
003783
003783
003783
003786
003786
003786
003791
003791
003791
003796
003796
003796
003801
003801
003801
003810
003810
003810
003816
003816
003816
003819
003819
003819
003824
003824
003824
003831
003831
003831
003836
003836
003836
003840
003840
003840
003844
003844
003844
003848
003848
003848
003851
003851
003851
003857
003857
003857
003862
003862
003862
003867
003867
003867
003875
003875
003875
003882
003882
003882
003888
003888
003888
003895
003895
003895
003903
003903
003903
003908
003908
003908
003912
003912
003912
003918
003918
003918
003922
003922
003922
003928
003928
003928
003933
003933
003933
003939
003939
003939
003942
003942
003942
003949
003949
003949
003953
003953
003953
003957
003957
003957
003963
003963
003963
003968
003968
003968
003974
003974
003974
003979
003979
003979
003987
003987
003987
003990
003990
003990
003994
003994
003994
003999
003999
003999
004012
004012
004012
004015
004015
004015
004019
004019
004019
004023
004023
004023
004029
004029
004029
004035
004035
004035
004043
004043
004043
004047
004047
004047
004053
004053
004053
004057
004057
004057
004062
004062
004062
004069
004069
004069
004073
004073
004073
004078
004078
004078
004086
004086
004086
004093
004093
004093
004099
004099
004099
004106
004106
004106
004115
004115
004115
004133
004133
004133
004139
004139
004139
004145
004145
004145
004151
004151
004151
004166
004166
004166
004170
004170
004170
004178
004178
004178
004181
004181
004181
004184
004184
004184
004193
004193
004193
004198
004198
004198
004201
004201
004201
004208
004208
004208
004216
004216
004216
004219
004219
004219
004229
004229
004229
004233
004233
004233
004236
004236
004236
004244
004244
004244
004252
004252
004252
004258
004258
004258
004264
004264
004264
004267
004267
004267
004272
004272
004272
004276
004276
004276
004286
004286
004286
004296
004296
004296
004304
004304
004304
004313
004313
004313
004317
004317
004317
004325
004325
004325
004332
004332
004332
004339
004339
004339
004346
004346
004346
004354
004354
004354
004357
004357
004357
004361
004361
004361
004371
004371
004371
004376
004376
004376
004380
004380
004380
004386
004386
004386
004390
004390
004390
004399
004399
004399
004408
004408
004408
004411
004411
004411
004416
004416
004416
004428
004428
004428
004436
004436
004436
004445
004445
004445
004449
004449
004449
004455
004455
004455
004461
004461
004461
004466
004466
004466
004471
004471
004471
004477
004477
004477
004484
004484
004484
004495
004495
004495
004499
004499
004499
004504
004504
004504
004507
004507
004507
004512
004512
004512
004518
004518
004518
004524
004524
004524
004535
004535
004535
004538
004538
004538
004544
004544
004544
004550
004550
004550
004555
004555
004555
004560
004560
004560
004564
004564
004564
004572
004572
004572
004579
004579
004579
004584
004584
004584
004592
004592
004592
004595
004595
004595
004601
004601
004601
004605
004605
004605
004613
004613
004613
004617
004617
004617
004623
004623
004623
004628
004628
004628
004637
004637
004637
004642
004642
004642
004646
004646
004646
004656
004656
004656
004662
004662
004662
004670
004670
004670
004675
004675
004675
004678
004678
004678
004690
004690
004690
004702
004702
004702
004707
004707
004707
004723
004723
004723
004729
004729
004729
004736
004736
004736
004749
004749
004749
004754
004754
004754
004758
004758
004758
004765
004765
004765
004772
004772
004772
004778
004778
004778
004781
004781
004781
004786
004786
004786
004794
004794
004794
004798
004798
004798
004803
004803
004803
004809
004809
004809
004819
004819
004819
004824
004824
004824
004828
004828
004828
004836
004836
004836
004840
004840
004840
004844
004844
004844
004853
004853
004853
004856
004856
004856
004866
004866
004866
004872
004872
004872
004878
004878
004878
004882
004882
004882
004886
004886
004886
004894
004894
004894
004900
004900
004900
004908
004908
004908
004912
004912
004912
004916
004916
004916
004923
004923
004923
004933
004933
004933
004939
004939
004939
004950
004950
004950
004955
004955
004955
004964
004964
004964
004968
004968
004968
004971
004971
004971
004975
004975
004975
004980
004980
004980
004987
004987
004987
004997
004997
004997
005005
005005
005005
005009
005009
005009
005016
005016
005016
005022
005022
005022
005027
005027
005027
005031
005031
005031
005039
005039
005039
005044
005044
005044
005048
005048
005048
005060
005060
005060
005069
005069
005069
005083
005083
005083
005087
005087
005087
005091
005091
005091
005097
005097
005097
005100
005100
005100
005106
005106
005106
005114
005114
005114
005117
005117
005117
005123
005123
005123
005130
005130
005130
005134
005134
005134
005146
005146
005146
005151
005151
005151
005159
005159
005159
005169
005169
005169
005177
005177
005177
005186
005186
005186
005193
005193
005193
005200
005200
005200
005204
005204
005204
005208
005208
005208
005211
005211
005211
005216
005216
005216
005224
005224
005224
005231
005231
005231
005238
005238
005238
005245
005245
005245
005250
005250
005250
005254
005254
005254
005259
005259
005259
005264
005264
005264
005269
005269
005269
005277
005277
005277
005283
005283
005283
005288
005288
005288
005293
005293
005293
005300
005300
005300
005303
005303
005303
005310
005310
005310
005320
005320
005320
005327
005327
005327
005339
005339
005339
005346
005346
005346
005352
005352
005352
005355
005355
005355
005358
005358
005358
005364
005364
005364
005373
005373
005373
005380
005380
005380
005384
005384
005384
005392
005392
005392
005395
005395
005395
005398
005398
005398
005401
005401
005401
005406
005406
005406
005409
005409
005409
005412
005412
005412
005417
005417
005417
005420
005420
005420
005425
005425
005425
005433
005433
005433
005438
005438
005438
005442
005442
005442
005454
005454
005454
005457
005457
005457
005464
005464
005464
005470
005470
005470
005480
005480
005480
005488
005488
005488
005492
005492
005492
005497
005497
005497
005501
005501
005501
005504
005504
005504
005508
005508
005508
005513
005513
005513
005518
005518
005518
005521
005521
005521
005526
005526
005526
005530
005530
005530
005537
005537
005537
005543
005543
005543
005549
005549
005549
005554
005554
005554
005563
005563
005563
005568
005568
005568
005575
005575
005575
005583
005583
005583
005592
005592
005592
005597
005597
005597
005604
005604
005604
005607
005607
005607
005611
005611
005611
005615
005615
005615
005622
005622
005622
005627
005627
005627
005632
005632
005632
005641
005641
005641
005646
005646
005646
005651
005651
005651
005657
005657
005657
005665
005665
005665
005670
005670
005670
005675
005675
005675
005681
005681
005681
005686
005686
005686
005691
005691
005691
005694
005694
005694
005701
005701
005701
005710
005710
005710
005716
005716
005716
005720
005720
005720
005723
005723
005723
005732
005732
005732
005737
005737
005737
005748
005748
005748
005752
005752
005752
005756
005756
005756
005761
005761
005761
005767
005767
005767
005770
005770
005770
005773
005773
005773
005776
005776
005776
005780
005780
005780
005789
005789
005789
005795
005795
005795
005799
005799
005799
005808
005808
005808
005813
005813
005813
005816
005816
005816
005824
005824
005824
005830
005830
005830
005833
005833
005833
005837
005837
005837
005844
005844
005844
005847
005847
005847
005850
005850
005850
005858
005858
005858
005862
005862
005862
005866
005866
005866
005870
005870
005870
005874
005874
005874
005880
005880
005880
005888
005888
005888
005895
005895
005895
005898
005898
005898
005908
005908
005908
005924
005924
005924
005930
005930
005930
005936
005936
005936
005941
005941
005941
005945
005945
005945
005951
005951
005951
005956
005956
005956
005960
005960
005960
005967
005967
005967
005973
005973
005973
005977
005977
005977
005983
005983
005983
005990
005990
005990
005993
005993
005993
006000
006000
006000
006007
006007
006007
006017
006017
006017
006020
006020
006020
006025
006025
006025
006037
006037
006037
006051
006051
006051
006056
006056
006056
006065
006065
006065
006073
006073
006073
006080
006080
006080
006084
006084
006084
006091
006091
006091
006099
006099
006099
006105
006105
006105
006111
006111
006111
006119
006119
006119
006128
006128
006128
006132
006132
006132
006137
006137
006137
006141
006141
006141
006145
006145
006145
006150
006150
006150
006157
006157
006157
006160
006160
006160
006166
006166
006166
006172
006172
006172
006178
006178
006178
006181
006181
006181
006188
006188
006188
006192
006192
006192
006199
006199
006199
006203
006203
006203
006207
006207
006207
006212
006212
006212
006217
006217
006217
006221
006221
006221
006225
006225
006225
006231
006231
006231
006236
006236
006236
006241
006241
006241
006245
006245
006245
006252
006252
006252
006255
006255
006255
006259
006259
006259
006262
006262
006262
006271
006271
006271
006281
006281
006281
006285
006285
006285
006291
006291
006291
006294
006294
006294
006298
006298
006298
006304
006304
006304
006309
006309
006309
006313
006313
006313
006320
006320
006320
006326
006326
006326
006329
006329
006329
006336
006336
006336
006346
006346
006346
006352
006352
006352
006361
006361
006361
006365
006365
006365
006374
006374
006374
006378
006378
006378
006384
006384
006384
006390
006390
006390
006398
006398
006398
006401
006401
006401
006408
006408
006408
006414
006414
006414
006421
006421
006421
006429
006429
006429
006432
006432
006432
006447
006447
006447
006450
006450
006450
006457
006457
006457
006460
006460
006460
006466
006466
006466
006476
006476
006476
006485
006485
006485
006490
006490
006490
006495
006495
006495
006501
006501
006501
006509
006509
006509
006513
006513
006513
006523
006523
006523
006528
006528
006528
006539
006539
006539
006544
006544
006544
006547
006547
006547
006554
006554
006554
006562
006562
006562
006567
006567
006567
006573
006573
006573
006580
006580
006580
006587
006587
006587
006594
006594
006594
006600
006600
006600
006606
006606
006606
006609
006609
006609
006616
006616
006616
006620
006620
006620
006627
006627
006627
006635
006635
006635
006642
006642
006642
006646
006646
006646
006653
006653
006653
006661
006661
006661
006665
006665
006665
006672
006672
006672
006680
006680
006680
006684
006684
006684
006689
006689
006689
006697
006697
006697
006702
006702
006702
006706
006706
006706
006716
006716
006716
006721
006721
006721
006727
006727
006727
006735
006735
006735
006740
006740
006740
006746
006746
006746
006750
006750
006750
006766
006766
006766
006775
006775
006775
006784
006784
006784
006790
006790
006790
006799
006799
006799
006805
006805
006805
006814
006814
006814
006821
006821
006821
006825
006825
006825
006830
006830
006830
006835
006835
006835
006840
006840
006840
006846
006846
006846
006857
006857
006857
006864
006864
006864
006869
006869
006869
006877
006877
006877
006883
006883
006883
006890
006890
006890
006894
006894
006894
006904
006904
006904
006911
006911
006911
006916
006916
006916
006920
006920
006920
006924
006924
006924
006929
006929
006929
006933
006933
006933
006939
006939
006939
006946
006946
006946
006951
006951
006951
006958
006958
006958
006965
006965
006965
006969
006969
006969
006974
006974
006974
006979
006979
006979
006985
006985
006985
006991
006991
006991
006996
006996
006996
007002
007002
007002
007009
007009
007009
007018
007018
007018
007024
007024
007024
007036
007036
007036
007041
007041
007041
007046
007046
007046
007054
007054
007054
007060
007060
007060
007066
007066
007066
007075
007075
007075
007090
007090
007090
007094
007094
007094
007099
007099
007099
007104
007104
007104
007107
007107
007107
007113
007113
007113
007118
007118
007118
007124
007124
007124
007128
007128
007128
007137
007137
007137
007142
007142
007142
007148
007148
007148
007152
007152
007152
007156
007156
007156
007167
007167
007167
007173
007173
007173
007181
007181
007181
007186
007186
007186
007190
007190
007190
007193
007193
007193
007197
007197
007197
007209
007209
007209
007216
007216
007216
007222
007222
007222
007226
007226
007226
007234
007234
007234
007239
007239
007239
007245
007245
007245
007250
007250
007250
007257
007257
007257
007264
007264
007264
007270
007270
007270
007282
007282
007282
007293
007293
007293
007297
007297
007297
007305
007305
007305
007308
007308
007308
007314
007314
007314
007320
007320
007320
007328
007328
007328
007334
007334
007334
007340
007340
007340
007348
007348
007348
007356
007356
007356
007361
007361
007361
007365
007365
007365
007368
007368
007368
007373
007373
007373
007386
007386
007386
007390
007390
007390
007394
007394
007394
007404
007404
007404
007414
007414
007414
007425
007425
007425
007429
007429
007429
007438
007438
007438
007444
007444
007444
007452
007452
007452
007457
007457
007457
007461
007461
007461
007472
007472
007472
007479
007479
007479
