0 0.0
3 0.0
7 0.7
9 0.0
10 0.0
11 0.0
12 0.0
13 0.0
14 0.0
16 0.0
17 0.0
18 0.0
22 0.0
26 0.0
29 0.0
30 0.0
32 0.0
34 0.0
36 0.0
38 0.0
41 0.0
43 0.0
44 0.0
45 0.0
46 0.0
49 0.0
51 0.8
54 0.0
55 0.0
56 0.0
57 0.0
60 0.7
64 0.0
67 0.0
68 0.8
69 0.0
70 0.0
71 0.0
72 0.0
73 0.0
74 0.0
75 0.0
79 0.0
80 0.0
82 0.0
83 0.0
84 0.0
85 0.9
86 0.0
87 0.0
88 0.0
91 0.8
92 0.0
95 0.0
96 0.0
97 0.0
99 0.0
100 0.8
101 0.0
103 0.0
105 0.0
109 0.0
110 0.0
111 0.0
112 0.0
113 0.0
114 0.0
115 0.0
119 0.7
120 0.0
121 0.0
123 0.0
125 0.0
127 0.6
129 0.0
130 0.0
131 0.0
133 0.0
136 0.0
138 0.0
141 0.0
142 0.0
144 0.0
145 0.5
146 0.0
148 0.0
149 0.0
150 0.6
154 0.7
155 0.0
157 0.5
158 0.0
160 0.0
162 0.6
163 0.0
164 0.0
165 0.0
166 0.0
171 0.0
172 0.0
176 0.0
177 0.5
178 0.0
179 0.0
180 0.0
184 0.0
185 0.0
189 0.8
193 0.0
198 0.0
200 0.0
202 0.0
570 0.0
573 0.0
574 0.0
575 0.8
576 0.0
577 0.0
578 0.0
579 0.0
580 0.0
582 0.0
584 0.0
585 0.0
586 0.0
587 0.0
592 0.0
593 0.0
594 0.0
596 0.0
597 0.0
598 0.0
599 0.0
602 0.0
603 0.0
605 0.0
606 0.0
607 0.0
608 0.5
609 0.0
616 0.0
617 0.0
621 0.0
622 0.0
623 0.0
627 0.0
629 0.0
631 0.0
632 0.8
633 0.0
637 0.0
638 0.0
640 0.0
641 0.0
643 0.0
646 0.0
649 0.0
651 0.0
652 0.0
653 0.0
654 0.0
656 0.0
661 0.0
662 0.0
663 0.0
664 0.0
665 0.0
666 0.0
668 0.0
671 0.0
672 0.0
673 0.0
675 0.0
676 0.0
678 0.0
680 0.0
681 0.0
685 0.7
686 0.0
687 0.0
688 0.0
689 0.0
690 0.0
693 0.0
695 0.0
697 0.0
701 0.0
703 0.0
705 0.0
707 0.0
709 0.0
710 0.0
711 0.0
712 0.0
713 0.0
714 0.0
715 0.0
719 0.0
720 0.0
723 0.0
724 0.0
726 0.0
730 0.0
732 0.0
733 0.0
735 0.0
738 0.0
739 0.0
742 0.0
743 0.0
744 0.0
747 0.0
749 0.0
753 0.0
755 0.0
757 0.0
758 0.0
759 0.0
760 0.0
762 0.0
763 0.7
764 0.5
770 0.5
775 0.0
776 0.0
777 0.0
780 0.5
781 0.0
783 0.0
784 0.0
785 0.0
786 0.0
787 0.8
788 0.0
789 0.0
791 0.0
793 0.0
794 0.0
796 0.0
797 0.0
799 0.6
808 0.8
813 0.0
814 0.0
815 0.0
817 0.0
818 0.0
820 0.0
821 0.0
822 0.0
824 0.0
825 0.0
827 0.0
828 0.0
829 0.0
830 0.0
832 0.0
833 0.0
834 0.0
835 0.0
836 0.0
839 0.0
842 0.0
845 0.0
846 0.7
851 0.0
853 0.0
855 0.0
856 0.0
857 0.0
858 0.0
860 0.5
861 0.0
864 0.0
865 0.0
866 0.0
867 0.0
868 0.6
870 0.5
871 0.0
872 0.0
880 0.0
882 0.0
883 0.0
886 0.7
887 0.0
888 0.0
890 0.0
891 0.0
892 0.5
895 0.0
896 0.0
898 0.0
900 0.0
901 0.0
902 0.0
903 0.0
905 0.0
906 0.7
908 0.0
910 0.0
913 0.0
914 0.0
918 0.0
919 0.9
921 0.0
924 0.8
925 0.0
927 0.0
929 0.0
933 0.0
934 0.0
935 0.0
936 0.0
937 0.0
941 0.0
945 0.0
946 0.0
947 0.0
950 0.0
951 0.0
954 0.0
955 0.9
957 0.0
959 0.0
960 0.0
962 0.0
965 0.0
968 0.0
972 0.0
975 0.0
977 0.0
978 0.0
980 0.0
982 0.0
987 0.0
989 0.0
990 0.0
992 0.5
993 0.0
994 0.0
995 0.0
996 0.0
997 0.0
998 0.0
1000 0.0
1001 0.0
1003 0.0
1004 0.0
1005 0.0
1009 0.0
1016 0.0
1017 0.0
1020 0.0
1023 0.0
1024 0.0
1028 0.0
1029 0.0
1030 0.0
1031 0.0
1032 0.0
1033 0.0
1034 0.6
1036 0.0
1038 0.0
1040 0.8
1041 0.0
1044 0.0
1045 0.5
1047 0.0
1048 0.0
1049 0.0
1052 0.0
1056 0.0
1057 0.0
1059 0.0
1060 0.0
1061 0.9
1062 0.0
1064 0.0
1072 0.0
1073 0.0
1074 0.0
1079 0.0
1080 0.0
1081 0.0
1082 0.0
1085 0.0
1087 0.0
1090 0.0
1091 0.0
1092 0.0
1093 0.0
1098 0.0
1100 0.0
1103 0.0
1105 0.0
1109 0.0
1110 0.0
1112 0.0
1117 0.0
1119 0.0
1121 0.0
1122 0.0
1124 0.0
1126 0.0
1128 0.0
1130 0.0
1137 0.0
1142 0.0
1146 0.0
1151 0.0
1156 0.0
1157 0.0
1159 0.0
1160 0.0
1161 0.0
1164 0.0
1165 0.0
1166 0.0
1168 0.6
1169 0.6
1170 0.0
1171 0.0
1174 0.0
1175 0.0
1181 0.0
1184 0.0
1185 0.0
1186 0.0
1190 0.0
1196 0.7
1197 0.0
1200 0.0
1201 0.0
1202 0.0
1204 0.5
1205 0.0
1208 0.0
1209 0.0
1210 0.0
1211 0.0
1212 0.0
1215 0.0
1219 0.0
1220 0.5
1223 0.0
1227 0.0
1229 0.0
1231 0.0
1233 0.0
1238 0.5
1240 0.0
1247 0.0
1248 0.0
1250 0.0
1256 0.0
1258 0.0
1262 0.0
1264 0.0
1276 0.0
1277 0.0
1278 0.0
1279 0.0
1280 0.0
1282 0.0
1283 0.5
1285 0.0
1288 0.0
1290 0.0
1293 0.0
1297 0.0
1298 0.0
1299 0.0
1300 0.0
1301 0.0
1302 0.0
1309 0.0
1310 0.9
1311 0.0
1312 0.0
1313 0.0
1315 0.0
1316 0.0
1319 0.5
1320 0.0
1321 0.0
1322 0.0
1323 0.0
1324 0.0
1325 0.0
1326 0.0
1327 0.0
1328 0.8
1335 0.0
1338 0.0
1340 0.0
1341 0.0
1343 0.0
1348 0.0
1349 0.0
1351 0.8
1354 0.7
1357 0.6
1358 0.9
1360 0.5
1361 0.0
1362 0.0
1364 0.0
1366 0.5
1367 0.0
1368 0.0
1369 0.0
1370 0.0
1371 0.0
1373 0.0
1378 0.0
1379 0.0
1383 0.0
1385 0.0
1390 0.0
1392 0.0
1393 0.0
1394 0.0
1396 0.5
1399 0.0
1400 0.0
1401 0.0
1402 0.0
1403 0.0
1404 0.8
1405 0.0
1406 0.0
1408 0.0
1409 0.0
1413 0.0
1414 0.0
1417 0.0
1418 0.0
1420 0.0
1422 0.8
1423 0.0
1425 0.5
1426 0.0
1428 0.5
1429 0.0
1430 0.0
1433 0.0
1434 0.0
1436 0.0
1440 0.0
1444 0.0
1447 0.0
1449 0.0
1452 0.0
1453 0.0
1454 0.0
1455 0.7
1456 0.0
1457 0.0
1459 0.0
1460 0.0
1462 0.0
1464 0.0
1465 0.0
1467 0.0
1468 0.0
1470 0.0
1472 0.0
1473 0.0
1474 0.0
1475 0.0
1476 0.0
1479 0.0
1482 0.0
1483 0.0
1484 0.0
1486 0.0
1490 0.0
1491 0.0
1492 0.0
1493 0.0
1494 0.0
1496 0.6
1498 0.0
1499 0.0
1500 0.0
1503 0.0
1504 0.0
1505 0.0
1506 0.0
1509 0.0
1510 0.0
1512 0.0
1515 0.0
1518 0.0
1519 0.0
1520 0.0
1523 0.6
1529 0.0
1530 0.0
1531 0.0
1532 0.0
1534 0.0
1539 0.0
1540 0.0
1541 0.0
1543 0.0
1544 0.0
1548 0.0
1550 0.0
1551 0.0
1553 0.0
1554 0.0
1556 0.0
1558 0.0
1559 0.0
1561 0.0
1563 0.0
1566 0.8
1568 0.0
1570 0.6
1571 0.0
1572 0.0
1575 0.0
1578 0.0
1580 0.0
1581 0.0
1584 0.0
1593 0.0
1595 0.0
1598 0.0
1599 0.0
1601 0.0
1604 0.0
1607 0.0
1608 0.5
1609 0.0
1611 0.7
1612 0.0
1614 0.0
1618 0.0
1620 0.0
1622 0.0
1623 0.0
1624 0.5
1626 0.0
1628 0.0
1630 0.0
1632 0.0
1636 0.6
1637 0.0
1638 0.0
1639 0.0
1641 0.0
1642 0.0
1644 0.6
1646 0.0
1648 0.5
1649 0.0
1651 0.0
1652 0.0
1653 0.0
1655 0.9
1657 0.0
1659 0.0
1661 0.0
1663 0.0
1668 0.0
1669 0.0
1671 0.0
1672 0.0
1673 0.0
1674 0.0
1676 0.0
1677 0.5
1678 0.0
1679 0.0
1681 0.0
1685 0.0
1686 0.0
1687 0.0
1688 0.0
1690 0.0
1691 0.0
1692 0.8
1695 0.0
1696 0.0
1698 0.0
1700 0.5
1703 0.0
1708 0.0
1715 0.0
1716 0.0
1720 0.7
1723 0.0
1724 0.0
1725 0.7
1728 0.0
1730 0.0
1731 0.0
1734 0.0
1735 0.0
1736 0.0
1737 0.0
1738 0.0
1739 0.0
1743 0.0
1744 0.0
1747 0.0
1748 0.0
1753 0.0
1754 0.0
1756 0.0
1757 0.0
1759 0.0
1760 0.0
1761 0.0
1763 0.0
1766 0.0
1767 0.0
1769 0.0
1770 0.0
1773 0.0
1775 0.0
1777 0.0
1779 0.0
1784 0.0
1785 0.5
1788 0.0
1789 0.0
1790 0.0
1791 0.0
1792 0.0
1793 0.0
1796 0.6
1798 0.0
1799 0.0
1803 0.0
1805 0.0
1806 0.0
1809 0.0
1810 0.0
1811 0.7
1812 0.0
1815 0.0
1816 0.0
1819 0.0
1821 0.0
1826 0.0
1827 0.0
1829 0.0
1830 0.0
1832 0.0
1833 0.0
1834 0.0
1836 0.0
1837 0.5
1838 0.0
1839 0.0
1841 0.0
1842 0.0
1843 0.0
1845 0.0
1847 0.0
1849 0.0
1850 0.0
1857 0.0
1860 0.0
1864 0.0
1865 0.0
1866 0.0
1870 0.7
1871 0.0
1873 0.0
1874 0.0
1876 0.0
1879 0.0
1882 0.0
1883 0.0
1889 0.0
1891 0.0
1894 0.0
1895 0.0
1896 0.0
1899 0.0
1901 0.0
1902 0.0
1903 0.0
1906 0.0
1907 0.0
1908 0.0
1910 0.5
1911 0.0
1912 0.0
1913 0.0
1914 0.0
1915 0.0
1916 0.0
1917 0.0
1918 0.0
1921 0.0
1922 0.0
1930 0.0
1935 0.0
1938 0.0
1939 0.0
1944 0.0
1947 0.0
1948 0.9
1949 0.0
1950 0.0
1951 0.6
1953 0.0
1955 0.0
1956 0.0
1957 0.6
1958 0.0
1961 0.0
1962 0.8
1963 0.8
1964 0.0
1965 0.0
1968 0.0
1970 0.0
1971 0.0
1973 0.0
1974 0.6
1975 0.0
1976 0.0
1981 0.9
1987 0.0
1988 0.8
1990 0.0
1992 0.0
1993 0.0
1994 0.0
1998 0.0
2003 0.0
2005 0.0
2006 0.0
2007 0.5
2009 0.0
2015 0.7
2016 0.5
2018 0.0
2020 0.0
2023 0.0
2024 0.6
2026 0.0
2030 0.0
2031 0.0
2032 0.0
2033 0.0
2039 0.0
2040 0.0
2041 0.0
2047 0.0
2051 0.0
2053 0.0
2055 0.0
2059 0.0
2060 0.0
2061 0.0
2063 0.5
2064 0.0
2065 0.0
2066 0.0
2067 0.0
2069 0.0
2070 0.0
2072 0.0
2077 0.0
2080 0.0
2083 0.0
2084 0.5
2088 0.8
2090 0.0
2092 0.5
2095 0.5
2096 0.6
2097 0.0
2098 0.0
2099 0.0
2104 0.0
2105 0.0
2106 0.0
2109 0.0
2110 0.9
2114 0.0
2116 0.0
2117 0.0
2119 0.0
2122 0.0
2125 0.0
2126 0.0
2129 0.0
2132 0.0
2133 0.0
2134 0.0
2141 0.0
2143 0.0
2144 0.0
2145 0.0
2146 0.0
2147 0.0
2148 0.0
2149 0.5
2150 0.0
2154 0.0
2155 0.0
2156 0.0
2157 0.0
2162 0.0
2164 0.0
2167 0.9
2171 0.5
2172 0.0
2174 0.0
2175 0.0
2176 0.0
2178 0.0
2180 0.5
2181 0.0
2184 0.0
2186 0.0
2189 0.0
2190 0.0
2191 0.0
2192 0.0
2194 0.0
2195 0.0
2197 0.0
2198 0.0
2199 0.5
2203 0.0
2204 0.0
2205 0.0
2208 0.0
2210 0.9
2211 0.8
2212 0.0
2213 0.0
2214 0.0
2217 0.0
2221 0.0
2222 0.0
2223 0.0
2226 0.0
2227 0.8
2230 0.0
2231 0.0
2235 0.0
2236 0.0
2237 0.0
2238 0.0
2240 0.0
2241 0.0
2242 0.0
2244 0.0
2247 0.0
2249 0.0
2252 0.0
2253 0.0
2256 0.0
2259 0.0
2261 0.0
2263 0.0
2264 0.8
2265 0.0
2267 0.0
2268 0.0
2269 0.0
2270 0.0
2271 0.0
2273 0.0
2274 0.0
2275 0.8
2278 0.0
2281 0.0
2285 0.8
2288 0.0
2289 0.6
2296 0.0
2297 0.0
2301 0.0
2302 0.0
2305 0.0
2309 0.0
2311 0.0
2312 0.0
2313 0.0
2316 0.0
2317 0.0
2318 0.0
2321 0.0
2322 0.7
2323 0.0
2324 0.0
2326 0.0
2328 0.0
2331 0.0
2333 0.0
2335 0.0
2339 0.7
2342 0.0
2343 0.0
2349 0.0
2350 0.0
2351 0.0
2352 0.0
2354 0.0
2355 0.0
2358 0.0
2360 0.0
2361 0.0
2363 0.0
2364 0.0
2368 0.0
2371 0.0
2373 0.0
2374 0.0
2375 0.0
2377 0.0
2379 0.7
2381 0.0
2388 0.5
2389 0.0
2390 0.0
2394 0.0
2395 0.0
2396 0.0
2400 0.0
2401 0.0
2402 0.0
2403 0.0
2406 0.0
2407 0.0
2408 0.0
2409 0.0
2410 0.0
2412 0.0
2413 0.0
2416 0.0
2417 0.0
2421 0.0
2426 0.0
2427 0.0
2430 0.0
2431 0.0
2435 0.0
2436 0.0
2437 0.0
2438 0.0
2441 0.0
2443 0.0
2444 0.0
2445 0.0
2447 0.0
2448 0.0
2449 0.0
2451 0.0
2452 0.0
2453 0.0
2456 0.0
2459 0.0
2464 0.0
2465 0.6
2466 0.0
2467 0.0
2468 0.0
2469 0.0
2470 0.0
2471 0.0
2472 0.0
2475 0.0
2480 0.0
2481 0.0
2482 0.0
2484 0.0
2485 0.0
2487 0.8
2489 0.0
2491 0.0
2493 0.0
2494 0.0
2496 0.0
2498 0.0
2501 0.8
2507 0.0
2508 0.0
2510 0.0
2512 0.6
2513 0.0
2514 0.5
2515 0.0
2517 0.0
2518 0.0
2522 0.0
2523 0.0
2524 0.0
2527 0.0
2533 0.0
2535 0.9
2536 0.5
2537 0.0
2542 0.0
2544 0.0
2545 0.0
2547 0.0
2549 0.9
2550 0.0
2551 0.9
2553 0.0
2554 0.0
2555 0.0
2559 0.0
2560 0.0
2561 0.0
2566 0.0
2567 0.0
2571 0.8
2573 0.0
2576 0.0
2578 0.0
2579 0.0
2582 0.0
2587 0.0
2588 0.0
2589 0.0
2591 0.0
2592 0.0
2593 0.0
2595 0.0
2596 0.0
2597 0.0
2605 0.0
2607 0.0
2608 0.0
2609 0.0
2610 0.0
2611 0.0
2614 0.0
2616 0.0
2617 0.0
2618 0.0
2620 0.0
2622 0.0
2623 0.0
2624 0.0
2627 0.0
2629 0.0
2632 0.0
2634 0.0
2637 0.0
2639 0.0
2642 0.0
2643 0.0
2647 0.0
2648 0.0
2649 0.0
2650 0.0
2652 0.0
2654 0.5
2655 0.0
2658 0.0
2659 0.0
2660 0.0
2662 0.0
2664 0.0
2665 0.0
2667 0.0
2668 0.0
2670 0.0
2671 0.0
2672 0.0
2676 0.0
2678 0.0
2679 0.0
2682 0.0
2683 0.0
2684 0.0
2687 0.0
2688 0.0
2689 0.0
2691 0.0
2697 0.0
2698 0.0
2700 0.0
2701 0.0
2703 0.0
2704 0.0
2705 0.0
2708 0.0
2714 0.0
2716 0.0
2718 0.0
2719 0.0
2723 0.0
2731 0.0
2732 0.0
2733 0.0
2734 0.0
2736 0.0
2738 0.0
2739 0.0
2741 0.0
2743 0.0
2750 0.0
2751 0.0
2754 0.0
2756 0.0
2759 0.0
2762 0.0
2766 0.0
2768 0.0
2769 0.0
2770 0.0
2771 0.8
2774 0.5
2776 0.0
2777 0.0
2778 0.0
2779 0.0
2780 0.5
2781 0.0
2782 0.0
2784 0.0
2785 0.0
2788 0.0
2790 0.0
2791 0.0
2792 0.0
2795 0.0
2798 0.9
2799 0.0
2802 0.0
2803 0.0
2807 0.0
2808 0.0
2813 0.5
2816 0.5
2817 0.0
2819 0.0
2821 0.0
2822 0.7
2823 0.0
2824 0.0
2825 0.0
2829 0.5
2832 0.0
2834 0.0
2835 0.0
2837 0.0
2838 0.8
2842 0.8
2843 0.7
2849 0.0
2850 0.0
2851 0.0
2852 0.0
2854 0.0
2855 0.0
2857 0.0
2859 0.0
2860 0.0
2862 0.0
2864 0.0
2865 0.0
2868 0.0
2869 0.0
2870 0.0
2871 0.0
2872 0.0
2873 0.0
2874 0.0
2882 0.0
2884 0.0
2886 0.0
2887 0.0
2888 0.0
2897 0.0
2898 0.0
2899 0.0
2904 0.0
2906 0.0
2907 0.0
2909 0.0
2910 0.0
2912 0.0
2913 0.0
2915 0.9
2918 0.0
2920 0.0
2921 0.0
2922 0.0
2923 0.7
2926 0.0
2927 0.0
2929 0.0
2931 0.0
2932 0.0
2933 0.0
2936 0.0
2938 0.0
2939 0.0
2940 0.0
2941 0.0
2943 0.9
2946 0.0
2949 0.0
2950 0.0
2952 0.0
2954 0.0
2956 0.0
2965 0.0
2967 0.0
2968 0.0
2969 0.0
2970 0.0
2972 0.0
2973 0.8
2975 0.0
2980 0.0
2981 0.0
2983 0.0
2986 0.0
2987 0.0
2989 0.0
2990 0.0
2992 0.0
2996 0.0
2998 0.0
3002 0.6
3008 0.0
3009 0.5
3012 0.0
3013 0.0
3014 0.5
3015 0.9
3016 0.0
3017 0.6
3018 0.0
3020 0.0
3021 0.0
3023 0.0
3026 0.0
3028 0.0
3036 0.0
3037 0.0
3039 0.0
3040 0.0
3041 0.0
3044 0.0
3045 0.0
3049 0.0
3051 0.0
3057 0.0
3059 0.0
3060 0.0
3063 0.0
3064 0.0
3068 0.0
3069 0.0
3070 0.0
3072 0.0
3075 0.0
3077 0.0
3078 0.0
3079 0.0
3081 0.0
3083 0.0
3084 0.0
3085 0.0
3086 0.0
3089 0.0
3091 0.0
3092 0.0
3093 0.0
3095 0.5
3097 0.0
3098 0.0
3100 0.0
3104 0.0
3105 0.5
3108 0.0
3111 0.0
3113 0.0
3115 0.7
3117 0.0
3119 0.0
3120 0.0
3121 0.0
3122 0.0
3123 0.0
3125 0.0
3128 0.0
3130 0.0
3132 0.0
3138 0.0
3139 0.0
3140 0.0
3143 0.0
3147 0.0
3149 0.0
3151 0.0
3152 0.0
3154 0.0
3155 0.0
3157 0.8
3158 0.8
3160 0.0
3163 0.0
3164 0.0
3166 0.0
3168 0.0
3169 0.0
3171 0.0
3173 0.0
3176 0.0
3178 0.0
3184 0.0
3185 0.0
3186 0.0
3188 0.0
3189 0.0
3191 0.0
3193 0.0
3195 0.0
3196 0.0
3198 0.0
3200 0.0
3201 0.0
3205 0.0
3206 0.0
3208 0.0
3209 0.0
3212 0.0
3213 0.0
3215 0.0
3218 0.0
3220 0.0
3223 0.0
3227 0.0
3230 0.0
3234 0.0
3235 0.6
3237 0.5
3238 0.0
3241 0.0
3243 0.0
3244 0.0
3245 0.0
3246 0.0
3248 0.0
3249 0.0
3253 0.0
3256 0.0
3258 0.9
3260 0.8
3261 0.0
3262 0.0
3263 0.0
3264 0.0
3267 0.0
3268 0.0
3270 0.0
3271 0.0
3273 0.0
3274 0.0
3277 0.0
3278 0.0
3279 0.0
3282 0.0
3284 0.0
3285 0.0
3286 0.0
3287 0.5
3289 0.8
3290 0.0
3291 0.0
3293 0.0
3294 0.6
3297 0.0
3299 0.0
3303 0.0
3307 0.0
3309 0.0
3311 0.7
3314 0.0
3317 0.0
3320 0.0
3321 0.0
3326 0.0
3327 0.0
3328 0.0
3329 0.5
3332 0.0
3333 0.0
3334 0.0
3335 0.0
3336 0.0
3339 0.0
3340 0.0
3342 0.0
3344 0.0
3345 0.0
3348 0.0
3349 0.0
3354 0.0
3356 0.0
3359 0.0
3360 0.0
3361 0.0
3362 0.0
3363 0.0
3369 0.0
3371 0.0
3372 0.0
3374 0.0
3376 0.0
3377 0.0
3378 0.0
3380 0.5
3381 0.0
3382 0.0
3383 0.0
3384 0.0
3387 0.0
3388 0.0
3389 0.0
3390 0.0
3391 0.7
3392 0.0
3398 0.0
3400 0.0
3413 0.0
3414 0.0
3415 0.0
3416 0.0
3418 0.0
3420 0.0
3423 0.0
3424 0.0
3427 0.0
3431 0.0
3433 0.0
3436 0.0
3437 0.0
3438 0.6
3439 0.0
3440 0.0
3441 0.0
3442 0.6
3444 0.0
3445 0.0
3446 0.0
3451 0.0
3452 0.0
3454 0.5
3455 0.0
3457 0.0
3458 0.0
3459 0.0
3460 0.0
3462 0.0
3463 0.0
3468 0.0
3472 0.0
3473 0.0
3475 0.0
3476 0.0
3477 0.0
3479 0.0
3485 0.0
3486 0.0
3493 0.0
3494 0.0
3498 0.0
3499 0.0
3500 0.0
3501 0.0
3505 0.0
3507 0.0
3508 0.0
3509 0.0
3510 0.6
3512 0.0
3513 0.0
3514 0.0
3516 0.5
3518 0.9
3522 0.0
3523 0.0
3525 0.0
3526 0.5
3532 0.0
3533 0.9
3534 0.0
3536 0.0
3537 0.0
3538 0.0
3540 0.7
3541 0.0
3542 0.0
3545 0.0
3546 0.0
3548 0.5
3549 0.0
3551 0.0
3555 0.0
3556 0.0
3560 0.6
3561 0.0
3564 0.0
3565 0.0
3566 0.0
3567 0.0
3569 0.0
3570 0.0
3572 0.0
3575 0.0
3576 0.0
3577 0.0
3578 0.0
3579 0.0
3581 0.0
3585 0.6
3586 0.0
3587 0.0
3589 0.9
3590 0.0
3591 0.0
3592 0.0
3593 0.0
3594 0.0
3595 0.0
3596 0.0
3597 0.0
3598 0.0
3599 0.0
3602 0.7
3603 0.0
3606 0.0
3610 0.0
3612 0.0
3613 0.0
3615 0.0
3617 0.0
3619 0.6
3625 0.0
3626 0.8
3628 0.0
3636 0.0
3637 0.0
3638 0.0
3639 0.0
3640 0.0
3641 0.8
3642 0.0
3644 0.0
3646 0.0
3648 0.0
3650 0.0
3651 0.0
3654 0.0
3656 0.0
3657 0.0
3660 0.0
3663 0.7
3664 0.0
3665 0.0
3666 0.0
3670 0.0
3672 0.0
3673 0.0
3674 0.0
3675 0.0
3680 0.0
3681 0.0
3685 0.0
3686 0.6
3687 0.0
3693 0.0
3694 0.0
3695 0.0
3696 0.9
3697 0.0
3698 0.0
3699 0.0
3700 0.0
3701 0.0
3704 0.0
3706 0.9
3709 0.5
3710 0.0
3713 0.7
3714 0.0
3717 0.0
3720 0.0
3721 0.0
3722 0.0
3724 0.0
3725 0.0
3727 0.0
3729 0.0
3730 0.0
3731 0.0
3732 0.0
3733 0.0
3734 0.0
3740 0.5
3741 0.0
3742 0.0
3743 0.0
3744 0.0
3745 0.0
3749 0.0
3752 0.0
3754 0.0
3757 0.0
3758 0.0
3759 0.0
3760 0.0
3761 0.0
3765 0.0
3766 0.0
3767 0.0
3768 0.0
3770 0.0
3772 0.0
3773 0.0
3774 0.0
3776 0.0
3780 0.0
3783 0.0
3784 0.0
3785 0.0
3786 0.0
3789 0.0
3790 0.0
3791 0.0
3792 0.0
3795 0.0
3796 0.0
3797 0.0
3799 0.0
3801 0.0
3803 0.0
3806 0.0
3810 0.0
3813 0.0
3815 0.0
3816 0.0
3817 0.0
3818 0.0
3819 0.0
3821 0.0
3823 0.0
3824 0.0
3825 0.0
3829 0.0
3831 0.0
3832 0.0
3833 0.0
3836 0.0
3838 0.0
3839 0.0
3840 0.0
3842 0.0
3843 0.0
3844 0.0
3845 0.0
3846 0.0
3848 0.0
3849 0.0
3850 0.0
3851 0.0
3853 0.0
3855 0.0
3857 0.0
3858 0.0
3861 0.0
3862 0.6
3863 0.0
3865 0.0
3867 0.0
3868 0.0
3871 0.0
3875 0.0
3876 0.0
3877 0.0
3882 0.0
3884 0.0
3887 0.0
3888 0.0
3889 0.0
3893 0.0
3895 0.0
3896 0.0
3900 0.0
3903 0.0
3904 0.0
3906 0.0
3908 0.0
3910 0.0
3911 0.0
3912 0.5
3913 0.0
3917 0.0
3918 0.0
3919 0.0
3921 0.0
3922 0.0
3925 0.0
3927 0.0
3928 0.0
3929 0.5
3930 0.0
3933 0.0
3935 0.0
3936 0.0
3939 0.8
3940 0.0
3941 0.0
3942 0.0
3944 0.0
3947 0.0
3949 0.0
3951 0.0
3952 0.0
3953 0.0
3954 0.0
3955 0.0
3957 0.0
3959 0.0
3960 0.0
3963 0.0
3966 0.0
3967 0.0
3968 0.0
3971 0.5
3973 0.0
3974 0.0
3976 0.0
3978 0.5
3979 0.0
3983 0.0
3985 0.0
3987 0.0
3988 0.0
3989 0.0
3990 0.0
3991 0.0
3993 0.0
3994 0.0
3995 0.0
3997 0.0
3999 0.0
4005 0.0
4006 0.0
4012 0.0
4013 0.0
4014 0.0
4015 0.0
4017 0.0
4018 0.0
4019 0.0
4020 0.0
4022 0.0
4023 0.0
4024 0.0
4025 0.0
4029 0.0
4030 0.0
4031 0.0
4035 0.0
4037 0.0
4039 0.0
4043 0.0
4044 0.0
4046 0.0
4047 0.0
4050 0.0
4052 0.0
4053 0.0
4054 0.0
4056 0.0
4057 0.0
4058 0.9
4060 0.0
4062 0.0
4066 0.0
4067 0.0
4069 0.0
4070 0.0
4071 0.0
4073 0.0
4075 0.0
4076 0.0
4078 0.0
4080 0.0
4084 0.0
4086 0.0
4088 0.0
4090 0.0
4093 0.0
4094 0.0
4097 0.0
4099 0.8
4102 0.0
4103 0.0
4106 0.6
4112 0.0
4114 0.0
4115 0.0
4123 0.0
4127 0.0
4133 0.0
4134 0.0
4135 0.0
4139 0.0
4141 0.0
4144 0.8
4145 0.0
4146 0.0
4147 0.0
4151 0.0
4159 0.0
4165 0.0
4166 0.0
4167 0.0
4169 0.0
4170 0.6
4176 0.0
4177 0.0
4178 0.0
4179 0.0
4180 0.0
4181 0.0
4182 0.0
4183 0.0
4184 0.0
4186 0.0
4192 0.0
4193 0.0
4194 0.0
4197 0.8
4198 0.0
4199 0.0
4200 0.0
4201 0.0
4203 0.0
4204 0.0
4208 0.0
4211 0.0
4212 0.0
4216 0.0
4217 0.0
4218 0.0
4219 0.0
4225 0.0
4227 0.0
4229 0.8
4230 0.5
4231 0.0
4233 0.6
4234 0.0
4235 0.0
4236 0.0
4238 0.0
4240 0.6
4244 0.0
4245 0.0
4247 0.0
4252 0.0
4253 0.0
4257 0.0
4258 0.0
4261 0.9
4262 0.0
4264 0.0
4265 0.0
4266 0.0
4267 0.0
4268 0.6
4269 0.0
4272 0.0
4273 0.0
4274 0.9
4276 0.0
4279 0.0
4283 0.5
4286 0.0
4287 0.7
4292 0.5
4296 0.0
4297 0.9
4302 0.0
4304 0.0
4308 0.0
4310 0.0
4313 0.0
4315 0.0
4316 0.0
4317 0.0
4320 0.0
4322 0.0
4325 0.8
4328 0.9
4331 0.0
4332 0.7
4333 0.0
4334 0.0
4339 0.0
4341 0.0
4344 0.0
4346 0.0
4347 0.6
4351 0.8
4354 0.0
4355 0.0
4356 0.0
4357 0.0
4358 0.0
4359 0.0
4361 0.0
4365 0.0
4366 0.0
4371 0.6
4372 0.0
4375 0.0
4376 0.0
4378 0.0
4379 0.0
4380 0.0
4381 0.0
4382 0.0
4386 0.0
4387 0.0
4389 0.6
4390 0.0
4394 0.0
4395 0.0
4399 0.0
4400 0.0
4405 0.0
4408 0.0
4409 0.0
4410 0.0
4411 0.0
4412 0.0
4413 0.0
4416 0.0
4417 0.5
4427 0.0
4428 0.5
4431 0.0
4432 0.0
4436 0.0
4441 0.0
4442 0.9
4445 0.0
4446 0.0
4448 0.0
4449 0.0
4451 0.0
4453 0.0
4455 0.0
4457 0.0
4459 0.5
4461 0.0
4463 0.0
4464 0.0
4466 0.0
4467 0.0
4468 0.0
4471 0.0
4473 0.0
4476 0.0
4477 0.0
4478 0.0
4479 0.0
4484 0.9
4488 0.0
4492 0.0
4495 0.0
4497 0.0
4498 0.0
4499 0.6
4500 0.0
4503 0.0
4504 0.0
4505 0.0
4506 0.0
4507 0.0
4509 0.0
4510 0.0
4512 0.0
4514 0.0
4515 0.7
4518 0.0
4522 0.0
4523 0.0
4524 0.0
4525 0.0
4533 0.0
4535 0.0
4536 0.5
4537 0.9
4538 0.0
4539 0.0
4543 0.0
4544 0.0
4545 0.0
4546 0.0
4550 0.0
4552 0.0
4554 0.0
4555 0.0
4558 0.6
4559 0.0
4560 0.0
4561 0.0
4563 0.0
4564 0.0
4565 0.0
4571 0.0
4572 0.0
4575 0.0
4577 0.0
4579 0.0
4580 0.0
4583 0.0
4584 0.0
4586 0.0
4590 0.0
4592 0.0
4593 0.0
4594 0.0
4595 0.0
4597 0.0
4600 0.0
4601 0.0
4602 0.0
4604 0.0
4605 0.0
4606 0.0
4607 0.0
4613 0.0
4614 0.0
4616 0.0
4617 0.0
4619 0.0
4621 0.0
4623 0.0
4625 0.0
4627 0.0
4628 0.0
4631 0.0
4635 0.0
4637 0.0
4639 0.0
4641 0.0
4642 0.0
4643 0.0
4645 0.0
4646 0.0
4653 0.0
4654 0.0
4656 0.0
4659 0.0
4661 0.0
4662 0.7
4663 0.0
4664 0.0
4670 0.0
4671 0.0
4674 0.0
4675 0.0
4676 0.0
4677 0.0
4678 0.0
4681 0.0
4684 0.0
4690 0.5
4696 0.0
4701 0.0
4702 0.0
4703 0.0
4704 0.0
4707 0.0
4712 0.9
4719 0.0
4723 0.0
4727 0.0
4728 0.0
4729 0.0
4731 0.0
4733 0.0
4736 0.6
4741 0.0
4747 0.0
4749 0.9
4750 0.0
4751 0.0
4754 0.0
4755 0.0
4757 0.0
4758 0.0
4760 0.0
4761 0.0
4765 0.0
4767 0.0
4771 0.0
4772 0.0
4774 0.0
4775 0.0
4778 0.0
4779 0.0
4780 0.0
4781 0.0
4784 0.0
4785 0.0
4786 0.6
4789 0.0
4793 0.0
4794 0.0
4795 0.0
4796 0.0
4798 0.0
4801 0.0
4802 0.9
4803 0.0
4805 0.0
4808 0.0
4809 0.0
4812 0.0
4818 0.0
4819 0.0
4820 0.0
4823 0.0
4824 0.0
4826 0.0
4827 0.0
4828 0.0
4833 0.0
4834 0.0
4836 0.5
4837 0.0
4838 0.0
4840 0.0
4841 0.0
4842 0.0
4844 0.0
4845 0.0
4847 0.0
4853 0.0
4854 0.0
4855 0.7
4856 0.0
4857 0.0
4865 0.0
4866 0.7
4869 0.0
4870 0.0
4872 0.0
4876 0.0
4877 0.9
4878 0.0
4879 0.0
4880 0.0
4882 0.5
4883 0.0
4884 0.0
4886 0.0
4889 0.0
4890 0.0
4894 0.0
4897 0.0
4899 0.0
4900 0.0
4901 0.0
4906 0.0
4908 0.0
4910 0.0
4911 0.0
4912 0.0
4913 0.0
4915 0.0
4916 0.0
4919 0.0
4922 0.0
4923 0.0
4925 0.0
4930 0.0
4933 0.0
4936 0.0
4937 0.0
4939 0.7
4940 0.0
4945 0.0
4950 0.0
4951 0.0
4952 0.0
4955 0.0
4957 0.0
4961 0.0
4964 0.9
4965 0.5
4967 0.0
4968 0.0
4969 0.0
4970 0.0
4971 0.0
4972 0.0
4973 0.0
4975 0.0
4977 0.0
4978 0.0
4980 0.0
4982 0.0
4984 0.0
4987 0.0
4991 0.0
4992 0.0
4997 0.0
5000 0.0
5003 0.0
5005 0.0
5006 0.0
5007 0.0
5009 0.0
5011 0.0
5012 0.0
5016 0.0
5018 0.0
5020 0.0
5022 0.0
5023 0.0
5025 0.0
5027 0.0
5029 0.0
5030 0.0
5031 0.5
5033 0.0
5035 0.9
5039 0.7
5042 0.0
5043 0.0
5044 0.0
5046 0.0
5047 0.0
5048 0.0
5051 0.0
5059 0.5
5060 0.0
5061 0.0
5066 0.0
5069 0.0
5071 0.0
5076 0.0
5083 0.7
5084 0.8
5085 0.5
5087 0.0
5088 0.0
5089 0.0
5091 0.0
5092 0.0
5096 0.0
5097 0.6
5098 0.0
5099 0.0
5100 0.0
5102 0.9
5104 0.0
5106 0.5
5107 0.0
5111 0.0
5114 0.0
5115 0.0
5116 0.7
5117 0.0
5118 0.0
5119 0.0
5123 0.0
5126 0.0
5129 0.0
5130 0.0
5131 0.7
5132 0.0
5134 0.0
5137 0.0
5142 0.0
5146 0.0
5148 0.0
5150 0.0
5151 0.0
5152 0.0
5154 0.0
5159 0.0
5160 0.0
5165 0.0
5169 0.0
5171 0.0
5173 0.0
5177 0.0
5178 0.0
5183 0.0
5186 0.0
5187 0.0
5192 0.0
5193 0.0
5195 0.0
5196 0.0
5200 0.0
5202 0.0
5203 0.0
5204 0.0
5205 0.0
5207 0.0
5208 0.0
5209 0.0
5210 0.0
5211 0.8
5212 0.0
5215 0.0
5216 0.0
5220 0.0
5223 0.0
5224 0.0
5225 0.0
5228 0.0
5231 0.0
5232 0.0
5235 0.0
5238 0.0
5239 0.0
5243 0.0
5245 0.0
5247 0.0
5248 0.0
5250 0.0
5252 0.0
5253 0.0
5254 0.0
5257 0.0
5258 0.0
5259 0.0
5261 0.0
5263 0.0
5264 0.0
5265 0.0
5266 0.0
5269 0.0
5270 0.0
5272 0.0
5277 0.0
5278 0.9
5281 0.0
5283 0.0
5285 0.0
5286 0.0
5288 0.0
5290 0.0
5291 0.0
5293 0.0
5294 0.0
5295 0.0
5300 0.5
5301 0.0
5302 0.0
5303 0.0
5305 0.0
5306 0.0
5310 0.0
5314 0.0
5317 0.0
5320 0.0
5324 0.0
5326 0.0
5327 0.0
5331 0.0
5332 0.0
5339 0.0
5340 0.0
5344 0.0
5346 0.0
5348 0.0
5351 0.0
5352 0.0
5353 0.0
5354 0.0
5355 0.0
5356 0.0
5357 0.0
5358 0.5
5361 0.0
5362 0.0
5364 0.0
5367 0.0
5370 0.0
5373 0.0
5374 0.0
5376 0.0
5380 0.0
5382 0.0
5383 0.0
5384 0.0
5387 0.0
5388 0.0
5392 0.0
5393 0.0
5394 0.0
5395 0.7
5396 0.0
5397 0.0
5398 0.0
5399 0.0
5400 0.0
5401 0.0
5402 0.0
5403 0.0
5406 0.0
5407 0.0
5408 0.0
5409 0.0
5410 0.0
5411 0.0
5412 0.0
5414 0.0
5416 0.0
5417 0.0
5418 0.8
5419 0.0
5420 0.0
5421 0.0
5424 0.0
5425 0.0
5428 0.5
5432 0.0
5433 0.5
5435 0.0
5436 0.0
5438 0.0
5439 0.0
5440 0.0
5442 0.0
5446 0.0
5451 0.0
5454 0.0
5455 0.0
5456 0.0
5457 0.0
5462 0.5
5463 0.0
5464 0.0
5468 0.0
5469 0.9
5470 0.0
5475 0.0
5478 0.0
5480 0.0
5483 0.0
5485 0.6
5488 0.0
5490 0.0
5491 0.0
5492 0.0
5493 0.0
5496 0.0
5497 0.0
5499 0.0
5500 0.0
5501 0.0
5502 0.0
5503 0.0
5504 0.0
5506 0.0
5507 0.0
5508 0.0
5509 0.0
5512 0.0
5513 0.0
5516 0.0
5517 0.0
5518 0.0
5519 0.0
5520 0.0
5521 0.0
5522 0.0
5524 0.0
5526 0.0
5527 0.0
5529 0.0
5530 0.0
5533 0.7
5535 0.0
5537 0.0
5539 0.0
5541 0.5
5543 0.0
5547 0.0
5548 0.0
5549 0.0
5550 0.0
5553 0.0
5554 0.5
5561 0.0
5562 0.0
5563 0.0
5564 0.0
5567 0.0
5568 0.0
5569 0.0
5574 0.0
5575 0.0
5578 0.0
5579 0.0
5583 0.0
5585 0.0
5591 0.0
5592 0.0
5593 0.0
5594 0.0
5597 0.0
5598 0.0
5599 0.0
5604 0.6
5605 0.0
5606 0.0
5607 0.0
5608 0.5
5609 0.0
5611 0.0
5612 0.0
5614 0.0
5615 0.0
5620 0.0
5621 0.9
5622 0.0
5624 0.0
5626 0.0
5627 0.0
5628 0.0
5629 0.0
5632 0.0
5636 0.0
5637 0.0
5641 0.0
5644 0.0
5645 0.0
5646 0.0
5647 0.0
5648 0.0
5651 0.0
5654 0.0
5655 0.0
5657 0.0
5661 0.0
5663 0.0
5665 0.0
5666 0.0
5667 0.0
5670 0.0
5671 0.0
5674 0.0
5675 0.0
5678 0.0
5679 0.0
5681 0.0
5682 0.0
5684 0.0
5686 0.0
5688 0.0
5690 0.0
5691 0.0
5692 0.5
5693 0.9
5694 0.0
5696 0.5
5697 0.0
5701 0.0
5702 0.0
5705 0.0
5710 0.0
5711 0.0
5715 0.0
5716 0.0
5718 0.0
5719 0.5
5720 0.0
5721 0.0
5722 0.0
5723 0.0
5726 0.0
5730 0.0
5732 0.0
5733 0.0
5734 0.0
5737 0.0
5738 0.0
5742 0.0
5748 0.0
5749 0.0
5750 0.0
5752 0.0
5753 0.0
5755 0.0
5756 0.0
5758 0.0
5759 0.0
5761 0.0
5764 0.0
5766 0.7
5767 0.0
5768 0.0
5769 0.7
5770 0.0
5771 0.0
5772 0.0
5773 0.7
5774 0.0
5775 0.0
5776 0.0
5778 0.9
5779 0.0
5780 0.0
5781 0.0
5788 0.0
5789 0.0
5791 0.0
5792 0.0
5795 0.0
5797 0.0
5798 0.0
5799 0.0
5802 0.0
5804 0.0
5808 0.0
5809 0.0
5810 0.0
5813 0.0
5814 0.0
5815 0.0
5816 0.0
5817 0.0
5823 0.0
5824 0.0
5825 0.8
5828 0.0
5830 0.0
5831 0.0
5832 0.0
5833 0.0
5835 0.0
5836 0.0
5837 0.0
5838 0.0
5842 0.0
5844 0.0
5845 0.0
5846 0.0
5847 0.7
5848 0.0
5849 0.9
5850 0.0
5851 0.0
5853 0.0
5858 0.0
5860 0.0
5861 0.0
5862 0.0
5863 0.0
5865 0.0
5866 0.0
5867 0.0
5868 0.0
5870 0.0
5871 0.0
5872 0.0
5874 0.0
5875 0.0
5877 0.0
5880 0.0
5884 0.0
5886 0.0
5888 0.0
5890 0.0
5891 0.0
5895 0.0
5896 0.0
5897 0.0
5898 0.6
5902 0.0
5904 0.0
5908 0.0
5915 0.0
5920 0.6
5924 0.0
5928 0.7
5929 0.0
5930 0.0
5932 0.0
5934 0.8
5936 0.0
5937 0.0
5940 0.0
5941 0.0
5942 0.0
5943 0.0
5945 0.0
5946 0.0
5950 0.0
5951 0.0
5953 0.0
5954 0.0
5956 0.0
5957 0.0
5959 0.0
5960 0.0
5964 0.0
5966 0.0
5967 0.0
5968 0.0
5971 0.0
5973 0.0
5974 0.0
5976 0.0
5977 0.0
5979 0.0
5980 0.5
5983 0.0
5987 0.0
5989 0.0
5990 0.0
5991 0.0
5992 0.0
5993 0.0
5995 0.0
5998 0.0
6000 0.0
6004 0.0
6006 0.5
6007 0.0
6011 0.0
6015 0.0
6017 0.0
6018 0.0
6019 0.6
6020 0.0
6021 0.0
6022 0.0
6025 0.0
6032 0.0
6035 0.0
6037 0.0
6040 0.0
6049 0.0
6051 0.0
6053 0.0
6055 0.0
6056 0.0
6059 0.0
6064 0.0
6065 0.0
6069 0.0
6072 0.0
6073 0.0
6076 0.0
6079 0.0
6080 0.0
6081 0.0
6082 0.0
6084 0.0
6089 0.0
6090 0.0
6091 0.0
6092 0.9
6094 0.6
6099 0.0
6101 0.0
6104 0.0
6105 0.0
6108 0.0
6109 0.0
6111 0.0
6112 0.0
6113 0.0
6119 0.0
6120 0.0
6124 0.0
6128 0.0
6129 0.0
6131 0.0
6132 0.0
6134 0.0
6135 0.0
6137 0.0
6138 0.0
6140 0.0
6141 0.0
6142 0.0
6143 0.0
6145 0.0
6147 0.0
6149 0.0
6150 0.0
6153 0.0
6155 0.0
6157 0.0
6158 0.0
6159 0.0
6160 0.5
6162 0.0
6164 0.0
6166 0.0
6170 0.0
6171 0.0
6172 0.0
6174 0.0
6175 0.0
6178 0.0
6179 0.0
6180 0.0
6181 0.0
6183 0.0
6184 0.7
6188 0.0
6189 0.0
6191 0.0
6192 0.0
6193 0.0
6197 0.0
6199 0.0
6200 0.0
6201 0.0
6203 0.0
6205 0.0
6206 0.0
6207 0.0
6209 0.0
6211 0.0
6212 0.0
6214 0.8
6216 0.0
6217 0.0
6218 0.0
6220 0.0
6221 0.9
6223 0.0
6224 0.0
6225 0.0
6226 0.0
6230 0.0
6231 0.9
6234 0.9
6235 0.0
6236 0.0
6237 0.0
6239 0.0
6241 0.0
6242 0.0
6243 0.0
6245 0.0
6248 0.0
6251 0.0
6252 0.0
6253 0.0
6254 0.0
6255 0.0
6256 0.0
6257 0.9
6259 0.0
6260 0.0
6261 0.9
6262 0.7
6264 0.0
6268 0.0
6271 0.0
6277 0.0
6279 0.0
6281 0.0
6283 0.0
6284 0.0
6285 0.0
6289 0.0
6290 0.0
6291 0.0
6292 0.0
6293 0.8
6294 0.0
6295 0.0
6296 0.0
6298 0.0
6299 0.0
6303 0.0
6304 0.0
6307 0.0
6308 0.0
6309 0.0
6310 0.0
6311 0.0
6313 0.0
6318 0.0
6319 0.0
6320 0.0
6323 0.0
6325 0.0
6326 0.0
6327 0.0
6328 0.0
6329 0.0
6330 0.0
6335 0.0
6336 0.0
6337 0.0
6341 0.8
6346 0.0
6347 0.0
6350 0.0
6352 0.0
6358 0.9
6359 0.0
6361 0.0
6362 0.0
6363 0.0
6365 0.0
6367 0.0
6373 0.0
6374 0.0
6375 0.0
6376 0.0
6378 0.5
6382 0.0
6383 0.0
6384 0.0
6387 0.0
6389 0.0
6390 0.0
6392 0.0
6397 0.0
6398 0.0
6399 0.0
6400 0.0
6401 0.0
6402 0.0
6404 0.0
6408 0.0
6412 0.0
6413 0.0
6414 0.9
6418 0.0
6419 0.0
6421 0.0
6422 0.7
6428 0.0
6429 0.0
6430 0.0
6431 0.0
6432 0.0
6438 0.0
6443 0.0
6447 0.0
6448 0.0
6449 0.5
6450 0.0
6455 0.0
6456 0.0
6457 0.0
6458 0.0
6459 0.0
6460 0.0
6461 0.0
6463 0.0
6466 0.0
6467 0.0
6471 0.0
6476 0.0
6479 0.7
6480 0.0
6485 0.0
6487 0.0
6489 0.0
6490 0.0
6492 0.8
6494 0.0
6495 0.0
6499 0.0
6500 0.6
6501 0.0
6502 0.0
6504 0.0
6509 0.0
6510 0.0
6511 0.0
6513 0.0
6518 0.0
6522 0.0
6523 0.0
6526 0.0
6527 0.0
6528 0.5
6536 0.0
6538 0.0
6539 0.9
6541 0.0
6543 0.0
6544 0.0
6545 0.0
6546 0.0
6547 0.0
6550 0.0
6552 0.0
6554 0.0
6557 0.0
6559 0.0
6562 0.0
6564 0.8
6566 0.0
6567 0.0
6571 0.0
6572 0.0
6573 0.0
6575 0.0
6579 0.0
6580 0.0
6584 0.0
6585 0.0
6587 0.0
6589 0.0
6591 0.0
6594 0.0
6598 0.0
6599 0.0
6600 0.0
6601 0.0
6605 0.0
6606 0.0
6607 0.0
6608 0.0
6609 0.0
6610 0.0
6615 0.0
6616 0.0
6617 0.0
6619 0.0
6620 0.0
6621 0.0
6622 0.0
6627 0.0
6630 0.0
6631 0.0
6635 0.5
6639 0.0
6640 0.0
6642 0.0
6644 0.0
6645 0.0
6646 0.0
6648 0.0
6652 0.0
6653 0.0
6654 0.0
6657 0.7
6661 0.0
6662 0.0
6663 0.0
6665 0.0
6668 0.0
6671 0.0
6672 0.0
6673 0.0
6675 0.0
6680 0.0
6681 0.0
6683 0.0
6684 0.0
6687 0.0
6688 0.0
6689 0.0
6690 0.9
6691 0.0
6697 0.0
6699 0.0
6700 0.0
6702 0.0
6704 0.5
6705 0.0
6706 0.0
6707 0.0
6708 0.0
6716 0.0
6717 0.0
6718 0.0
6721 0.0
6722 0.0
6724 0.0
6727 0.0
6728 0.0
6730 0.0
6735 0.0
6736 0.0
6739 0.0
6740 0.0
6742 0.0
6743 0.0
6746 0.0
6748 0.0
6749 0.0
6750 0.5
6757 0.0
6763 0.0
6766 0.0
6769 0.0
6774 0.0
6775 0.0
6776 0.0
6779 0.0
6784 0.0
6787 0.0
6788 0.0
6790 0.0
6793 0.0
6795 0.0
6799 0.0
6801 0.5
6802 0.5
6805 0.0
6809 0.0
6810 0.0
6814 0.0
6817 0.0
6820 0.0
6821 0.0
6823 0.0
6824 0.0
6825 0.0
6826 0.0
6827 0.0
6830 0.0
6831 0.0
6834 0.0
6835 0.8
6838 0.0
6839 0.0
6840 0.0
6842 0.6
6845 0.0
6846 0.0
6848 0.0
6851 0.0
6857 0.0
6859 0.7
6861 0.0
6864 0.0
6865 0.0
6867 0.0
6869 0.0
6871 0.0
6875 0.0
6877 0.0
6878 0.5
6880 0.0
6883 0.0
6886 0.7
6888 0.0
6890 0.0
6892 0.0
6893 0.0
6894 0.8
6896 0.0
6902 0.0
6904 0.0
6905 0.0
6909 0.0
6911 0.0
6912 0.6
6915 0.0
6916 0.5
6918 0.0
6919 0.0
6920 0.0
6921 0.0
6923 0.7
6924 0.0
6926 0.0
6927 0.0
6929 0.0
6931 0.0
6932 0.0
6933 0.0
6934 0.0
6935 0.0
6939 0.0
6940 0.0
6941 0.0
6946 0.0
6947 0.0
6949 0.0
6951 0.0
6952 0.0
6957 0.0
6958 0.0
6961 0.0
6963 0.0
6965 0.0
6966 0.0
6967 0.0
6969 0.0
6970 0.0
6972 0.0
6974 0.0
6975 0.0
6976 0.0
6979 0.0
6983 0.0
6984 0.0
6985 0.0
6986 0.0
6988 0.0
6991 0.0
6993 0.0
6995 0.0
6996 0.0
6998 0.0
7001 0.0
7002 0.0
7004 0.0
7007 0.0
7009 0.0
7013 0.0
7017 0.0
7018 0.9
7020 0.0
7021 0.9
7024 0.0
7025 0.0
7035 0.0
7036 0.0
7039 0.0
7040 0.0
7041 0.0
7044 0.0
7045 0.0
7046 0.0
7050 0.0
7051 0.0
7054 0.0
7057 0.0
7058 0.0
7060 0.0
7062 0.0
7064 0.0
7066 0.0
7070 0.0
7073 0.0
7075 0.0
7077 0.0
7086 0.0
7090 0.0
7092 0.0
7093 0.0
7094 0.0
7096 0.0
7097 0.0
7099 0.0
7101 0.0
7102 0.0
7104 0.0
7105 0.0
7106 0.0
7107 0.0
7108 0.0
7111 0.0
7113 0.0
7114 0.0
7116 0.0
7118 0.0
7121 0.0
7123 0.0
7124 0.0
7126 0.0
7127 0.0
7128 0.0
7129 0.5
7134 0.0
7137 0.0
7140 0.0
7141 0.0
7142 0.0
7143 0.0
7147 0.7
7148 0.0
7150 0.0
7151 0.0
7152 0.0
7153 0.0
7155 0.0
7156 0.0
7159 0.0
7160 0.0
7167 0.0
7170 0.0
7171 0.0
7173 0.0
7175 0.0
7179 0.0
7181 0.0
7184 0.0
7185 0.0
7186 0.0
7188 0.0
7189 0.0
7190 0.0
7191 0.0
7192 0.0
7193 0.0
7195 0.0
7196 0.0
7197 0.0
7203 0.0
7206 0.0
7209 0.0
7211 0.0
7213 0.0
7216 0.0
7218 0.0
7220 0.0
7222 0.0
7223 0.0
7224 0.0
7226 0.0
7228 0.0
7231 0.0
7234 0.0
7236 0.0
7237 0.0
7239 0.0
7241 0.0
7243 0.0
7245 0.0
7248 0.0
7249 0.0
7250 0.0
7251 0.0
7254 0.0
7257 0.0
7259 0.0
7263 0.0
7264 0.7
7268 0.0
7269 0.0
7270 0.0
7276 0.0
7281 0.0
7282 0.0
7285 0.0
7286 0.6
7293 0.0
7295 0.0
7296 0.0
7297 0.0
7298 0.0
7301 0.0
7305 0.0
7306 0.0
7307 0.0
7308 0.0
7312 0.0
7313 0.0
7314 0.0
7316 0.0
7317 0.0
7320 0.0
7321 0.0
7324 0.5
7328 0.0
7332 0.0
7333 0.0
7334 0.0
7335 0.0
7338 0.5
7340 0.0
7341 0.0
7346 0.0
7348 0.0
7354 0.0
7355 0.0
7356 0.0
7357 0.0
7358 0.0
7361 0.0
7362 0.0
7363 0.0
7365 0.0
7366 0.0
7367 0.0
7368 0.0
7370 0.0
7372 0.0
7373 0.0
7378 0.0
7379 0.0
7386 0.0
7387 0.0
7388 0.0
7390 0.0
7392 0.0
7393 0.0
7394 0.0
7399 0.0
7400 0.0
7404 0.0
7406 0.0
7408 0.0
7414 0.6
7417 0.0
7418 0.0
7425 0.0
7427 0.0
7428 0.0
7429 0.0
7431 0.0
7432 0.0
7438 0.0
7441 0.0
7443 0.0
7444 0.0
7446 0.0
7451 0.0
7452 0.0
7454 0.0
7455 0.0
7457 0.0
7459 0.0
7460 0.0
7461 0.0
7465 0.7
7471 0.0
7472 0.0
7474 0.0
7476 0.7
7479 0.0
